"date","Hospital_Intake_Proven","Hospital_Intake_Suspected","IC_Intake_Proven","IC_Intake_Suspected","IC_Current","ICs_Used","IC_Cumulative","Hospital_Currently","IC_Deaths_Cumulative","IC_Discharge_Cumulative","IC_Discharge_InHospital","Hospital_Intake","IC_Intake","Hosp_Intake_Suspec_Cumul","IC_Intake_Suspected_Cumul"
"2020-02-27",2,2,1,0,7,4,7,40,0,0,0,4,1,2,0
"2020-02-28",3,0,0,1,8,5,8,43,0,0,0,3,1,2,1
"2020-02-29",1,0,0,0,9,4,9,43,0,0,0,1,0,2,1
"2020-03-01",6,1,2,0,11,5,11,50,0,0,1,7,2,3,1
"2020-03-02",9,1,0,0,10,5,11,60,0,0,1,10,0,4,1
"2020-03-03",6,0,1,0,12,6,13,65,0,0,1,6,1,4,1
"2020-03-04",8,2,3,0,15,8,16,74,0,2,1,10,3,6,1
"2020-03-05",10,0,1,1,15,8,18,82,0,2,1,10,2,6,2
"2020-03-06",14,1,4,0,19,11,22,96,0,2,2,15,4,7,2
"2020-03-07",6,3,3,0,21,12,25,105,0,3,1,9,3,10,2
"2020-03-08",13,5,6,0,27,16,31,121,2,3,1,18,6,15,2
"2020-03-09",20,5,5,1,31,18,38,143,2,3,2,25,6,20,3
"2020-03-10",22,5,9,0,37,19,47,164,2,3,2,27,9,25,3
"2020-03-11",39,4,9,0,46,21,57,201,4,3,2,43,9,29,3
"2020-03-12",51,4,23,0,67,28,80,248,5,3,2,55,23,33,3
"2020-03-13",64,4,13,0,78,31,94,308,5,4,2,68,13,37,3
"2020-03-14",52,3,17,0,94,39,112,347,6,6,6,55,17,40,3
"2020-03-15",60,8,27,0,117,47,140,391,10,6,8,68,27,48,3
"2020-03-16",125,19,32,0,146,53,173,510,15,7,9,144,32,67,3
"2020-03-17",127,13,34,0,175,56,209,595,17,7,12,140,34,80,3
"2020-03-18",155,16,50,0,224,60,263,716,22,10,13,171,50,96,3
"2020-03-19",215,26,57,1,281,68,327,898,29,10,15,241,58,122,4
"2020-03-20",203,25,82,0,356,70,414,1048,34,12,21,228,82,147,4
"2020-03-21",184,12,72,3,424,70,495,1127,47,14,28,196,75,159,7
"2020-03-22",219,17,71,1,477,69,569,1228,52,17,29,236,72,176,8
"2020-03-23",395,26,98,1,569,71,669,1528,69,19,41,421,99,202,9
"2020-03-24",392,24,107,0,650,73,781,1760,76,22,47,416,107,226,9
"2020-03-25",420,24,114,1,749,74,900,1970,88,26,57,444,115,250,10
"2020-03-26",419,34,104,1,834,74,1012,2176,110,36,59,453,105,284,11
"2020-03-27",524,34,112,1,921,73,1130,2408,124,42,74,558,113,318,12
"2020-03-28",287,25,99,2,988,73,1235,2340,142,46,90,312,101,343,14
"2020-03-29",237,20,88,1,1037,74,1328,2302,168,57,101,257,89,363,15
"2020-03-30",397,26,127,3,1126,74,1461,2450,187,66,120,423,130,389,18
"2020-03-31",288,39,107,0,1189,74,1571,2407,219,82,128,327,107,428,18
"2020-04-01",279,43,71,1,1206,75,1645,2310,239,100,137,322,72,471,19
"2020-04-02",314,41,88,2,1251,75,1743,2310,262,114,150,355,90,512,21
"2020-04-03",293,54,76,0,1279,75,1822,2305,295,136,158,347,76,566,21
"2020-04-04",177,23,62,2,1281,74,1887,2121,314,149,176,200,64,589,23
"2020-04-05",205,21,72,1,1301,75,1962,2084,336,158,197,226,73,610,24
"2020-04-06",286,58,60,0,1310,75,2024,2190,354,180,211,344,60,668,24
"2020-04-07",191,52,55,0,1312,75,2082,2064,387,201,243,243,55,720,24
"2020-04-08",189,32,55,0,1282,75,2141,1938,403,225,256,221,55,752,24
"2020-04-09",170,35,50,0,1279,75,2192,1771,414,253,261,205,50,787,24
"2020-04-10",192,38,48,0,1284,75,2241,1693,443,279,269,230,48,825,24
"2020-04-11",130,23,26,2,1250,75,2270,1516,458,298,289,153,28,848,26
"2020-04-12",121,36,34,1,1232,75,2305,1463,471,314,317,157,35,884,27
"2020-04-13",147,37,44,0,1218,75,2351,1469,493,329,343,184,44,921,27
"2020-04-14",146,35,33,2,1191,76,2387,1488,502,378,337,181,35,956,29
"2020-04-15",106,19,22,1,1166,76,2411,1400,520,429,336,125,23,975,30
"2020-04-16",104,24,28,0,1134,76,2440,1292,537,477,323,128,28,999,30
"2020-04-17",135,26,25,0,1105,76,2466,1256,556,521,326,161,25,1025,30
"2020-04-18",72,18,18,0,1058,76,2484,1117,570,543,343,90,18,1043,30
"2020-04-19",75,15,19,0,1028,76,2504,1089,586,549,366,90,19,1058,30
"2020-04-20",99,30,25,1,1008,76,2531,1139,605,604,352,129,26,1088,31
"2020-04-21",105,34,20,0,972,76,2553,1108,626,654,352,139,20,1122,31
"2020-04-22",81,26,14,0,916,77,2568,1035,643,697,347,107,14,1148,31
"2020-04-23",88,43,16,0,875,77,2584,1001,657,742,326,131,16,1191,31
"2020-04-24",76,31,17,1,858,76,2603,954,669,801,296,107,18,1222,32
"2020-04-25",38,26,13,0,829,76,2617,827,679,818,301,64,13,1248,32
"2020-04-26",38,27,13,0,806,76,2630,798,692,825,319,65,13,1275,32
"2020-04-27",55,25,14,0,782,76,2644,794,703,835,335,80,14,1300,32
"2020-04-28",83,32,14,1,761,76,2659,820,707,882,323,115,15,1332,33
"2020-04-29",55,25,11,0,733,76,2671,761,713,919,323,80,11,1357,33
"2020-04-30",57,25,18,0,708,76,2689,737,724,958,313,82,18,1382,33
"2020-05-01",50,16,9,0,673,76,2698,686,727,998,315,66,9,1398,33
"2020-05-02",26,15,9,0,633,76,2707,600,737,1012,316,41,9,1413,33
"2020-05-03",35,11,10,0,620,76,2718,585,742,1019,328,46,10,1424,33
"2020-05-04",57,22,11,1,610,76,2730,630,748,1059,325,79,12,1446,34
"2020-05-05",28,9,3,0,569,76,2733,547,754,1071,340,37,3,1455,34
"2020-05-06",52,19,5,0,542,73,2739,563,759,1107,332,71,5,1474,34
"2020-05-07",44,16,8,1,521,72,2749,537,767,1143,328,60,9,1490,35
"2020-05-08",53,24,7,0,489,72,2756,530,771,1177,317,77,7,1514,35
"2020-05-09",29,8,5,0,467,72,2761,475,777,1186,325,37,5,1522,35
"2020-05-10",22,19,4,1,450,72,2766,464,779,1189,334,41,5,1541,36
"2020-05-11",41,24,7,1,444,73,2774,493,786,1226,333,65,8,1565,37
"2020-05-12",23,29,2,0,402,71,2776,468,789,1268,311,52,2,1594,37
"2020-05-13",34,26,3,1,384,71,2780,444,793,1301,307,60,4,1620,38
"2020-05-14",22,20,8,2,360,71,2790,419,796,1329,295,42,10,1640,40
"2020-05-15",31,23,3,0,343,71,2794,402,802,1364,274,54,3,1663,40
"2020-05-16",16,6,7,1,328,70,2803,349,803,1374,273,22,8,1669,41
"2020-05-17",28,12,4,0,323,70,2808,364,803,1378,278,40,4,1681,41
"2020-05-18",36,22,4,0,317,70,2812,406,804,1410,281,58,4,1703,41
"2020-05-19",15,12,1,1,284,67,2814,381,806,1441,263,27,2,1715,42
"2020-05-20",29,17,2,0,273,66,2817,373,811,1472,248,46,2,1732,42
"2020-05-21",14,7,2,0,252,66,2819,335,815,1478,254,21,2,1739,42
"2020-05-22",28,18,4,0,241,66,2824,359,818,1510,238,46,4,1757,42
"2020-05-23",12,7,3,0,224,63,2827,318,819,1513,241,19,3,1764,42
"2020-05-24",18,13,7,0,223,63,2834,316,821,1513,251,31,7,1777,42
"2020-05-25",33,22,1,0,213,62,2835,349,822,1536,254,55,1,1799,42
"2020-05-26",25,15,4,0,190,62,2839,346,824,1555,247,40,4,1814,42
"2020-05-27",18,14,3,1,175,58,2843,323,825,1579,232,32,4,1828,43
"2020-05-28",14,12,1,0,167,57,2844,297,827,1610,212,26,1,1840,43
"2020-05-29",23,13,1,2,157,56,2847,296,830,1630,200,36,3,1853,45
"2020-05-30",20,5,2,0,147,54,2849,278,830,1637,195,25,2,1858,45
"2020-05-31",7,7,3,0,148,54,2852,269,830,1637,202,14,3,1865,45
"2020-06-01",12,7,4,0,145,53,2856,275,832,1637,205,19,4,1872,45
"2020-06-02",18,16,1,0,141,53,2857,295,832,1662,197,34,1,1888,45
"2020-06-03",16,9,4,1,129,50,2862,287,837,1682,182,25,5,1897,46
"2020-06-04",13,18,5,0,125,52,2867,279,839,1701,165,31,5,1915,46
"2020-06-05",9,9,3,0,123,51,2870,261,839,1711,157,18,3,1924,46
"2020-06-06",3,6,2,0,122,51,2872,228,841,1713,158,9,2,1930,46
"2020-06-07",3,9,3,0,121,50,2875,226,841,1715,158,12,3,1939,46
"2020-06-08",9,8,0,0,120,49,2876,231,841,1731,150,17,0,1947,46
"2020-06-09",9,9,2,0,112,48,2878,213,841,1742,143,18,2,1956,46
"2020-06-10",5,6,2,0,109,48,2880,195,842,1755,134,11,2,1962,46
"2020-06-11",14,12,1,0,105,48,2881,200,843,1766,129,26,1,1974,46
"2020-06-12",7,4,3,0,102,47,2884,192,844,1774,124,11,3,1978,46
"2020-06-13",4,4,2,0,100,45,2886,170,845,1774,124,8,2,1982,46
"2020-06-14",2,5,0,0,99,44,2886,166,847,1775,123,7,0,1987,46
"2020-06-15",5,5,1,0,98,44,2887,170,848,1793,115,10,1,1992,46
"2020-06-16",7,6,2,0,90,44,2889,168,850,1799,113,13,2,1998,46
"2020-06-17",6,10,0,0,83,42,2889,162,851,1805,113,16,0,2008,46
"2020-06-18",2,13,1,0,76,41,2890,166,852,1812,113,15,1,2021,46
"2020-06-19",3,10,0,0,70,38,2891,164,853,1822,105,13,0,2031,46
"2020-06-20",4,5,2,0,68,38,2893,147,854,1822,108,9,2,2036,46
"2020-06-21",4,9,0,0,64,36,2893,150,855,1822,108,13,0,2045,46
"2020-06-22",6,8,3,1,67,38,2897,157,856,1827,110,14,4,2053,47
"2020-06-23",6,9,1,0,60,35,2898,154,857,1833,108,15,1,2062,47
"2020-06-24",3,12,1,1,57,34,2900,151,858,1840,104,15,2,2074,48
"2020-06-25",8,8,1,0,54,33,2901,155,858,1846,103,16,1,2082,48
"2020-06-26",3,5,0,0,49,31,2901,154,859,1850,103,8,0,2087,48
"2020-06-27",0,1,0,0,45,29,2901,130,860,1850,106,1,0,2088,48
"2020-06-28",4,9,0,0,41,28,2901,137,860,1850,106,13,0,2097,48
"2020-06-29",8,7,0,0,41,28,2901,150,860,1855,104,15,0,2104,48
"2020-06-30",2,4,2,0,40,27,2903,135,860,1861,101,6,2,2108,48
"2020-07-01",3,4,0,0,36,25,2903,128,860,1864,99,7,0,2112,48
"2020-07-02",4,3,1,1,37,26,2905,123,861,1868,97,7,2,2115,49
"2020-07-03",4,6,0,0,34,25,2905,123,861,1876,89,10,0,2121,49
"2020-07-04",0,2,1,0,35,25,2906,114,861,1876,90,2,1,2123,49
"2020-07-05",1,4,0,0,34,24,2906,115,861,1877,90,5,0,2127,49
"2020-07-06",2,5,0,0,33,23,2906,123,862,1882,87,7,0,2132,49
"2020-07-07",3,5,1,0,31,22,2907,125,863,1885,86,8,1,2137,49
"2020-07-08",3,7,2,0,28,22,2909,126,863,1888,84,10,2,2144,49
"2020-07-09",3,7,1,0,28,21,2910,126,863,1891,81,10,1,2151,49
"2020-07-10",5,6,2,0,30,21,2912,133,864,1891,82,11,2,2157,49
"2020-07-11",2,1,0,0,27,19,2912,120,864,1891,82,3,0,2158,49
"2020-07-12",3,3,1,0,28,19,2913,122,865,1893,81,6,1,2161,49
"2020-07-13",4,5,0,0,27,20,2913,132,866,1894,82,9,0,2166,49
"2020-07-14",5,4,0,0,24,20,2913,133,866,1895,82,9,0,2170,49
"2020-07-15",1,4,1,0,24,19,2914,123,866,1899,80,5,1,2174,49
"2020-07-16",2,8,1,0,23,19,2915,123,866,1903,76,10,1,2182,49
"2020-07-17",5,3,0,0,25,18,2915,123,866,1903,77,8,0,2185,49
"2020-07-18",4,7,0,0,24,17,2915,125,866,1903,77,11,0,2192,49
"2020-07-19",4,3,1,0,26,17,2916,131,866,1903,78,7,1,2195,49
"2020-07-20",3,6,0,0,25,17,2916,138,866,1908,74,9,0,2201,49
"2020-07-21",7,7,2,0,26,17,2918,141,866,1910,75,14,2,2208,49
"2020-07-22",3,2,1,0,24,17,2919,132,867,1913,73,5,1,2210,49
"2020-07-23",8,9,1,0,23,17,2920,140,867,1915,73,17,1,2219,49
"2020-07-24",9,3,1,1,23,17,2922,136,867,1918,74,12,2,2222,50
"2020-07-25",8,6,1,0,20,15,2923,137,867,1919,75,14,1,2228,50
"2020-07-26",3,3,1,0,20,14,2925,140,867,1919,75,6,1,2231,50
"2020-07-27",5,8,4,0,24,17,2929,149,867,1921,74,13,4,2239,50
"2020-07-28",8,3,0,0,23,17,2929,149,868,1923,73,11,0,2242,50
"2020-07-29",4,3,0,0,22,16,2929,144,869,1924,73,7,0,2245,50
"2020-07-30",10,4,3,0,25,17,2932,146,869,1927,71,14,3,2249,50
"2020-07-31",9,3,4,0,28,19,2936,151,870,1927,70,12,4,2252,50
"2020-08-01",6,5,2,0,28,19,2938,150,870,1928,70,11,2,2257,50
"2020-08-02",9,1,2,0,29,20,2940,158,870,1928,70,10,2,2258,50
"2020-08-03",11,6,4,0,33,22,2944,170,870,1928,71,17,4,2264,50
"2020-08-04",8,10,3,0,35,24,2947,173,871,1929,72,18,3,2274,50
"2020-08-05",7,6,2,0,34,23,2949,171,871,1932,69,13,2,2280,50
"2020-08-06",8,6,2,0,36,25,2951,172,871,1933,68,14,2,2286,50
"2020-08-07",11,7,1,0,36,24,2952,182,871,1934,67,18,1,2293,50
"2020-08-08",13,6,1,0,37,25,2953,183,871,1934,68,19,1,2299,50
"2020-08-09",12,10,5,1,42,28,2959,198,873,1935,71,22,6,2309,51
"2020-08-10",11,9,4,0,41,29,2964,209,873,1936,71,20,4,2318,51
"2020-08-11",20,8,3,0,44,29,2968,223,874,1937,73,28,3,2326,51
"2020-08-12",15,8,4,1,45,27,2973,233,874,1938,77,23,5,2334,52
"2020-08-13",13,16,4,0,44,28,2977,236,874,1939,77,29,4,2350,52
"2020-08-14",12,11,7,1,50,29,2985,239,875,1940,80,23,8,2361,53
"2020-08-15",14,11,1,0,47,29,2986,236,876,1940,84,25,1,2372,53
"2020-08-16",14,11,5,0,48,31,2991,248,876,1941,83,25,5,2383,53
"2020-08-17",17,14,6,2,56,32,2999,271,878,1943,84,31,8,2397,55
"2020-08-18",7,17,2,1,53,33,3002,274,878,1945,84,24,3,2414,56
"2020-08-19",9,13,3,1,54,31,3006,276,878,1948,84,22,4,2427,57
"2020-08-20",11,27,5,0,56,35,3011,297,878,1950,84,38,5,2454,57
"2020-08-21",3,22,4,1,58,34,3016,297,879,1952,85,25,5,2476,58
"2020-08-22",1,7,0,0,54,32,3016,288,879,1952,85,8,0,2483,58
