"date","Hospital_Intake_Proven","Hospital_Intake_Suspected","IC_Intake_Proven","IC_Intake_Suspected","IC_Current","ICs_Used","IC_Cumulative","Hospital_Currently","IC_Deaths_Cumulative","IC_Discharge_Cumulative","IC_Discharge_InHospital","Hospital_Intake","IC_Intake","Hosp_Intake_Suspec_Cumul","IC_Intake_Suspected_Cumul"
"2020-02-27",2,2,1,0,7,4,7,41,0,0,0,4,1,2,0
"2020-02-28",3,0,0,1,8,5,8,44,0,0,0,3,1,2,1
"2020-02-29",2,0,0,0,9,4,9,45,0,0,0,2,0,2,1
"2020-03-01",6,1,2,0,11,5,11,52,0,0,1,7,2,3,1
"2020-03-02",9,1,0,0,10,5,11,62,0,0,1,10,0,4,1
"2020-03-03",6,0,1,0,12,6,13,67,0,0,1,6,1,4,1
"2020-03-04",8,2,3,0,15,8,16,76,0,2,1,10,3,6,1
"2020-03-05",9,0,1,1,15,8,18,83,0,2,1,9,2,6,2
"2020-03-06",13,1,4,0,19,11,22,96,0,2,2,14,4,7,2
"2020-03-07",5,3,3,0,21,12,25,104,0,3,1,8,3,10,2
"2020-03-08",13,5,6,0,27,16,31,120,2,3,1,18,6,15,2
"2020-03-09",18,5,5,1,31,18,38,140,2,3,2,23,6,20,3
"2020-03-10",18,4,9,0,37,19,47,156,2,3,2,22,9,24,3
"2020-03-11",38,4,8,0,46,21,57,192,4,3,2,42,8,28,3
"2020-03-12",50,4,23,0,67,28,80,240,5,3,2,54,23,32,3
"2020-03-13",60,4,13,0,78,31,94,296,5,4,2,64,13,36,3
"2020-03-14",50,3,17,0,94,39,112,335,6,6,5,53,17,39,3
"2020-03-15",57,8,27,0,118,47,140,377,10,6,8,65,27,47,3
"2020-03-16",120,18,32,0,146,53,173,493,15,7,9,138,32,65,3
"2020-03-17",119,13,34,0,175,56,209,573,17,7,12,132,34,78,3
"2020-03-18",147,15,50,0,224,60,263,688,22,10,13,162,50,93,3
"2020-03-19",201,26,57,1,281,68,327,856,29,10,15,227,58,119,4
"2020-03-20",196,25,82,0,356,70,414,1010,34,12,21,221,82,144,4
"2020-03-21",175,12,72,3,424,70,495,1089,47,14,28,187,75,156,7
"2020-03-22",210,17,71,1,477,70,569,1187,52,17,30,227,72,173,8
"2020-03-23",379,27,98,1,568,72,669,1479,69,19,42,406,99,200,9
"2020-03-24",383,23,107,0,648,73,781,1709,76,23,47,406,107,223,9
"2020-03-25",412,24,114,1,747,74,900,1914,88,27,57,436,115,247,10
"2020-03-26",410,34,104,2,833,74,1013,2123,110,37,59,444,106,281,12
"2020-03-27",521,36,111,1,919,74,1130,2368,124,43,74,557,112,317,13
"2020-03-28",283,25,99,2,986,74,1235,2314,140,47,90,308,101,342,15
"2020-03-29",230,19,88,1,1037,74,1328,2272,166,58,101,249,89,361,16
"2020-03-30",386,27,127,3,1126,74,1461,2412,185,67,120,413,130,388,19
"2020-03-31",285,40,107,0,1189,74,1571,2378,217,83,128,325,107,428,19
"2020-04-01",272,41,71,1,1206,75,1645,2278,237,101,138,313,72,469,20
"2020-04-02",309,39,87,3,1250,75,1743,2278,260,115,151,348,90,508,23
"2020-04-03",288,53,76,0,1278,75,1822,2276,293,137,159,341,76,561,23
"2020-04-04",173,21,62,2,1280,74,1887,2094,312,150,177,194,64,582,25
"2020-04-05",201,20,71,1,1301,75,1963,2057,334,160,197,221,72,602,26
"2020-04-06",284,59,60,0,1309,75,2025,2166,352,181,212,343,60,661,26
"2020-04-07",188,52,55,0,1311,75,2083,2047,385,202,243,240,55,713,26
"2020-04-08",187,32,56,0,1283,76,2143,1923,401,226,257,219,56,745,26
"2020-04-09",166,35,50,0,1279,75,2194,1756,412,254,262,201,50,780,26
"2020-04-10",191,38,48,0,1284,75,2243,1683,441,280,269,229,48,818,26
"2020-04-11",127,23,26,2,1250,75,2272,1505,456,299,289,150,28,841,28
"2020-04-12",119,36,34,1,1232,75,2307,1451,469,316,315,155,35,877,29
"2020-04-13",144,37,44,0,1219,76,2353,1455,491,331,342,181,44,914,29
"2020-04-14",143,38,33,2,1191,76,2389,1475,501,378,338,181,35,952,31
"2020-04-15",105,20,22,1,1166,76,2413,1393,519,430,336,125,23,972,32
"2020-04-16",101,24,28,0,1134,76,2442,1285,537,478,323,125,28,996,32
"2020-04-17",131,26,25,0,1104,76,2468,1246,556,521,327,157,25,1022,32
"2020-04-18",72,18,18,0,1057,76,2486,1111,570,543,344,90,18,1040,32
"2020-04-19",77,15,18,0,1026,76,2505,1088,586,549,366,92,18,1055,32
"2020-04-20",98,30,25,1,1007,76,2532,1134,604,604,352,128,26,1085,33
"2020-04-21",104,34,20,0,972,76,2554,1105,625,654,352,138,20,1119,33
"2020-04-22",80,26,14,0,916,77,2569,1028,642,697,346,106,14,1145,33
"2020-04-23",86,44,16,0,876,77,2585,993,656,742,325,130,16,1189,33
"2020-04-24",75,31,17,1,859,76,2604,948,668,802,294,106,18,1220,34
"2020-04-25",36,26,13,0,829,76,2618,819,678,819,299,62,13,1246,34
"2020-04-26",35,28,13,0,806,76,2631,789,691,826,317,63,13,1274,34
"2020-04-27",54,25,14,1,783,76,2646,784,703,836,333,79,15,1299,35
"2020-04-28",83,33,14,1,761,76,2661,812,707,883,321,116,15,1332,36
"2020-04-29",53,26,11,0,733,76,2673,753,713,919,321,79,11,1358,36
"2020-04-30",55,27,18,0,708,76,2691,729,724,958,312,82,18,1385,36
"2020-05-01",49,16,9,0,673,76,2700,678,727,997,315,65,9,1401,36
"2020-05-02",26,15,9,0,633,76,2709,594,737,1012,315,41,9,1416,36
"2020-05-03",35,11,10,0,620,76,2720,579,742,1019,327,46,10,1427,36
"2020-05-04",56,23,11,2,611,76,2733,626,748,1058,325,79,13,1450,38
"2020-05-05",28,9,3,0,569,76,2736,546,754,1070,340,37,3,1459,38
"2020-05-06",50,21,5,0,542,73,2742,563,759,1106,332,71,5,1480,38
"2020-05-07",44,16,8,1,521,72,2752,538,767,1142,328,60,9,1496,39
"2020-05-08",52,24,7,0,489,72,2759,532,772,1175,317,76,7,1520,39
"2020-05-09",29,7,5,0,467,72,2764,477,778,1184,325,36,5,1527,39
"2020-05-10",22,19,4,1,450,72,2769,466,780,1187,334,41,5,1546,40
"2020-05-11",40,25,7,1,444,73,2777,496,787,1224,333,65,8,1571,41
"2020-05-12",22,29,2,1,403,71,2780,471,790,1265,311,51,3,1600,42
"2020-05-13",35,27,3,1,384,71,2784,449,794,1297,307,62,4,1627,43
"2020-05-14",22,21,8,2,361,71,2794,425,797,1325,295,43,10,1648,45
"2020-05-15",31,27,3,0,344,71,2798,412,803,1360,274,58,3,1675,45
"2020-05-16",16,6,7,1,329,70,2807,362,804,1370,274,22,8,1681,46
"2020-05-17",28,12,4,0,323,70,2812,377,804,1374,279,40,4,1693,46
"2020-05-18",36,22,4,0,317,70,2816,417,805,1406,282,58,4,1715,46
"2020-05-19",14,11,1,1,284,67,2818,389,807,1435,266,25,2,1726,47
"2020-05-20",28,17,2,0,273,66,2821,382,812,1463,254,45,2,1743,47
"2020-05-21",13,8,2,0,252,66,2823,344,816,1469,260,21,2,1751,47
"2020-05-22",27,20,3,0,240,66,2827,370,819,1502,243,47,3,1771,47
"2020-05-23",12,7,3,0,223,63,2830,330,819,1505,246,19,3,1778,47
"2020-05-24",18,13,7,0,223,63,2837,328,821,1505,256,31,7,1791,47
"2020-05-25",31,22,1,0,213,62,2838,359,822,1527,260,53,1,1813,47
"2020-05-26",24,13,4,0,190,62,2842,355,824,1545,254,37,4,1826,47
"2020-05-27",18,13,3,1,175,58,2846,329,825,1569,239,31,4,1839,48
"2020-05-28",14,11,1,0,167,57,2847,304,827,1598,221,25,1,1850,48
"2020-05-29",23,13,1,2,157,56,2850,304,830,1617,210,36,3,1863,50
"2020-05-30",20,5,2,0,147,54,2852,285,830,1623,206,25,2,1868,50
"2020-05-31",7,7,3,0,148,54,2855,276,830,1623,213,14,3,1875,50
"2020-06-01",11,7,5,0,146,54,2860,282,832,1623,216,18,5,1882,50
"2020-06-02",17,16,1,0,142,54,2861,301,832,1648,208,33,1,1898,50
"2020-06-03",16,9,4,1,130,51,2866,293,837,1668,193,25,5,1907,51
"2020-06-04",13,18,5,0,126,53,2871,288,839,1685,179,31,5,1925,51
"2020-06-05",9,10,3,0,123,51,2874,273,839,1695,171,19,3,1935,51
"2020-06-06",3,6,2,1,123,51,2877,238,841,1697,172,9,3,1941,52
"2020-06-07",2,9,3,0,122,50,2880,236,841,1699,173,11,3,1950,52
"2020-06-08",8,7,0,1,121,49,2882,239,841,1715,165,15,1,1957,53
"2020-06-09",9,9,2,0,113,48,2884,221,841,1726,158,18,2,1966,53
"2020-06-10",5,6,3,0,111,48,2887,204,842,1739,149,11,3,1972,53
"2020-06-11",14,11,1,0,107,48,2888,210,843,1750,144,25,1,1983,53
"2020-06-12",5,4,3,0,104,47,2891,200,844,1758,139,9,3,1987,53
"2020-06-13",4,5,2,0,102,45,2893,179,845,1758,139,9,2,1992,53
"2020-06-14",2,5,0,0,101,44,2893,177,847,1759,139,7,0,1997,53
"2020-06-15",5,4,1,0,99,44,2894,181,848,1777,131,9,1,2001,53
"2020-06-16",6,6,2,0,91,44,2896,179,850,1782,130,12,2,2007,53
"2020-06-17",4,6,0,0,84,42,2896,168,851,1788,130,10,0,2013,53
"2020-06-18",2,14,1,0,77,41,2897,175,852,1795,130,16,1,2027,53
"2020-06-19",3,9,0,0,71,38,2898,173,853,1805,122,12,0,2036,53
"2020-06-20",4,5,2,0,69,38,2900,158,854,1805,125,9,2,2041,53
"2020-06-21",4,11,0,0,65,36,2900,164,855,1805,125,15,0,2052,53
"2020-06-22",5,7,3,1,68,38,2904,169,856,1810,127,12,4,2059,54
"2020-06-23",5,11,1,0,61,35,2905,170,857,1816,126,16,1,2070,54
"2020-06-24",3,11,1,1,57,34,2907,168,858,1823,122,14,2,2081,55
"2020-06-25",6,8,1,0,54,33,2908,171,858,1828,122,14,1,2089,55
"2020-06-26",3,5,0,0,49,31,2908,170,859,1832,122,8,0,2094,55
"2020-06-27",0,2,0,0,45,29,2908,148,860,1832,125,2,0,2096,55
"2020-06-28",3,9,0,0,41,28,2908,154,860,1832,125,12,0,2105,55
"2020-06-29",6,6,0,0,41,28,2908,164,860,1838,122,12,0,2111,55
"2020-06-30",2,4,2,0,40,27,2910,151,860,1844,119,6,2,2115,55
"2020-07-01",3,3,0,0,36,25,2910,143,860,1845,119,6,0,2118,55
"2020-07-02",4,5,1,1,37,26,2912,139,861,1849,117,9,2,2123,56
"2020-07-03",4,6,0,0,34,25,2912,140,861,1856,110,10,0,2129,56
"2020-07-04",0,2,1,0,35,25,2913,132,861,1856,111,2,1,2131,56
"2020-07-05",1,6,0,0,34,24,2913,135,861,1857,111,7,0,2137,56
"2020-07-06",1,8,0,0,33,23,2913,145,862,1861,109,9,0,2145,56
"2020-07-07",3,6,1,0,31,22,2914,149,863,1864,108,9,1,2151,56
"2020-07-08",3,8,2,0,28,22,2916,151,863,1866,107,11,2,2159,56
"2020-07-09",3,8,1,1,29,21,2918,152,863,1869,104,11,2,2167,57
"2020-07-10",5,8,1,0,30,21,2919,161,863,1869,105,13,1,2175,57
"2020-07-11",2,1,0,0,28,19,2919,146,863,1869,105,3,0,2176,57
"2020-07-12",2,3,1,0,29,19,2920,147,864,1871,104,5,1,2179,57
"2020-07-13",4,5,0,0,28,20,2920,157,865,1872,105,9,0,2184,57
"2020-07-14",4,8,0,3,28,20,2923,160,866,1873,105,12,3,2192,60
"2020-07-15",1,5,1,0,27,19,2924,153,866,1877,103,6,1,2197,60
"2020-07-16",2,7,1,0,26,19,2925,153,866,1879,101,9,1,2204,60
"2020-07-17",4,7,0,0,29,18,2926,155,866,1879,101,11,0,2211,60
"2020-07-18",4,7,0,0,29,18,2926,156,866,1879,101,11,0,2218,60
"2020-07-19",4,4,1,0,31,18,2927,163,866,1879,102,8,1,2222,60
"2020-07-20",3,7,0,0,30,18,2927,172,866,1883,99,10,0,2229,60
"2020-07-21",7,7,2,1,32,18,2930,175,866,1885,101,14,3,2236,61
"2020-07-22",2,7,1,0,29,18,2931,170,867,1887,100,9,1,2243,61
"2020-07-23",6,13,1,0,28,18,2932,184,867,1889,100,19,1,2256,61
"2020-07-24",7,5,0,1,27,17,2933,179,867,1891,101,12,1,2261,62
"2020-07-25",6,10,1,0,25,16,2934,182,867,1891,103,16,1,2271,62
"2020-07-26",3,8,2,0,26,15,2937,188,867,1891,103,11,2,2279,62
"2020-07-27",4,25,4,0,30,18,2941,214,867,1892,103,29,4,2304,62
"2020-07-28",4,14,0,0,29,18,2941,224,867,1892,104,18,0,2318,62
"2020-07-29",0,2,0,0,28,17,2941,219,867,1892,105,2,0,2320,62
