"date","Hospital_Intake_Proven","Hospital_Intake_Suspected","IC_Intake_Proven","IC_Intake_Suspected","IC_Current","ICs_Used","IC_Cumulative","Hospital_Currently","IC_Deaths_Cumulative","IC_Discharge_Cumulative","IC_Discharge_InHospital","Hospital_Intake","IC_Intake","Hosp_Intake_Suspec_Cumul","IC_Intake_Suspected_Cumul"
"2020-02-27",2,2,1,0,7,4,7,40,0,0,0,4,1,2,0
"2020-02-28",3,0,0,1,8,5,8,43,0,0,0,3,1,2,1
"2020-02-29",1,0,0,0,9,4,9,43,0,0,0,1,0,2,1
"2020-03-01",6,1,2,0,11,5,11,50,0,0,1,7,2,3,1
"2020-03-02",9,1,0,0,10,5,11,60,0,0,1,10,0,4,1
"2020-03-03",6,0,1,0,12,6,13,65,0,0,1,6,1,4,1
"2020-03-04",8,2,3,0,15,8,16,74,0,2,1,10,3,6,1
"2020-03-05",10,0,1,1,15,8,18,82,0,2,1,10,2,6,2
"2020-03-06",14,1,4,0,19,11,22,96,0,2,2,15,4,7,2
"2020-03-07",6,3,3,0,21,12,25,105,0,3,1,9,3,10,2
"2020-03-08",13,5,6,0,27,16,31,121,2,3,1,18,6,15,2
"2020-03-09",20,5,5,1,31,18,38,143,2,3,2,25,6,20,3
"2020-03-10",22,5,9,0,37,19,47,164,2,3,2,27,9,25,3
"2020-03-11",39,4,9,0,46,21,57,201,4,3,2,43,9,29,3
"2020-03-12",51,4,23,0,67,28,80,248,5,3,2,55,23,33,3
"2020-03-13",64,4,13,0,78,31,94,308,5,4,2,68,13,37,3
"2020-03-14",52,3,17,0,94,39,112,347,6,6,6,55,17,40,3
"2020-03-15",60,8,27,0,117,47,140,391,10,6,8,68,27,48,3
"2020-03-16",125,19,32,0,146,53,173,510,15,7,9,144,32,67,3
"2020-03-17",127,13,34,0,175,56,209,595,17,7,12,140,34,80,3
"2020-03-18",155,16,50,0,224,60,263,716,22,10,13,171,50,96,3
"2020-03-19",215,26,57,1,281,68,327,898,29,10,15,241,58,122,4
"2020-03-20",203,25,82,0,356,70,414,1048,34,12,21,228,82,147,4
"2020-03-21",184,12,72,3,424,70,495,1127,47,14,28,196,75,159,7
"2020-03-22",219,17,71,1,477,69,569,1228,52,17,29,236,72,176,8
"2020-03-23",395,26,98,1,569,71,669,1528,69,19,41,421,99,202,9
"2020-03-24",392,24,107,0,650,73,781,1760,76,22,46,416,107,226,9
"2020-03-25",420,24,114,1,750,74,900,1970,88,26,55,444,115,250,10
"2020-03-26",419,34,104,1,836,74,1012,2176,110,36,57,453,105,284,11
"2020-03-27",524,34,112,1,923,73,1130,2408,124,42,73,558,113,318,12
"2020-03-28",287,25,99,2,989,73,1235,2340,142,46,90,312,101,343,14
"2020-03-29",237,20,88,1,1037,74,1328,2302,168,57,101,257,89,363,15
"2020-03-30",397,26,127,3,1126,74,1461,2450,187,66,120,423,130,389,18
"2020-03-31",288,39,107,0,1189,74,1571,2407,219,82,128,327,107,428,18
"2020-04-01",279,43,71,1,1206,75,1645,2310,239,100,137,322,72,471,19
"2020-04-02",314,41,88,2,1251,75,1743,2310,262,114,150,355,90,512,21
"2020-04-03",293,54,76,0,1279,75,1822,2305,295,136,158,347,76,566,21
"2020-04-04",177,23,62,2,1281,74,1887,2121,314,149,176,200,64,589,23
"2020-04-05",205,21,72,1,1301,75,1962,2084,336,158,197,226,73,610,24
"2020-04-06",286,58,60,0,1310,75,2024,2190,354,180,211,344,60,668,24
"2020-04-07",191,52,55,0,1312,75,2082,2064,387,201,244,243,55,720,24
"2020-04-08",189,32,55,0,1281,75,2141,1938,403,225,257,221,55,752,24
"2020-04-09",170,35,50,0,1278,75,2192,1771,414,253,262,205,50,787,24
"2020-04-10",192,38,48,0,1283,75,2241,1693,443,279,270,230,48,825,24
"2020-04-11",130,23,26,2,1249,75,2270,1516,458,298,290,153,28,848,26
"2020-04-12",121,36,34,1,1231,75,2305,1463,471,314,318,157,35,884,27
"2020-04-13",147,37,44,0,1217,75,2351,1469,493,329,344,184,44,921,27
"2020-04-14",146,35,34,2,1191,76,2388,1488,502,378,338,181,36,956,29
"2020-04-15",106,19,22,1,1166,76,2412,1400,521,429,337,125,23,975,30
"2020-04-16",104,24,28,0,1133,76,2441,1292,538,477,324,128,28,999,30
"2020-04-17",135,26,25,0,1104,76,2467,1256,557,521,327,161,25,1025,30
"2020-04-18",72,18,18,0,1057,76,2485,1117,571,543,344,90,18,1043,30
"2020-04-19",75,15,19,0,1027,76,2505,1089,587,549,367,90,19,1058,30
"2020-04-20",99,30,25,1,1007,76,2532,1139,606,604,353,129,26,1088,31
"2020-04-21",105,34,20,0,971,76,2554,1108,627,654,353,139,20,1122,31
"2020-04-22",81,26,14,0,915,77,2569,1035,644,697,348,107,14,1148,31
"2020-04-23",88,43,16,0,874,77,2585,1001,658,742,327,131,16,1191,31
"2020-04-24",76,31,17,1,857,76,2604,954,670,801,297,107,18,1222,32
"2020-04-25",38,26,13,0,828,76,2618,827,680,818,302,64,13,1248,32
"2020-04-26",38,27,13,0,805,76,2631,798,693,825,320,65,13,1275,32
"2020-04-27",55,25,14,0,781,76,2645,794,704,835,336,80,14,1300,32
"2020-04-28",83,32,14,1,760,76,2660,820,708,882,324,115,15,1332,33
"2020-04-29",55,25,11,0,732,76,2672,761,714,919,324,80,11,1357,33
"2020-04-30",57,25,18,0,707,76,2690,737,725,958,314,82,18,1382,33
"2020-05-01",50,16,9,0,672,76,2699,686,728,998,316,66,9,1398,33
"2020-05-02",26,15,9,0,632,76,2708,600,738,1012,317,41,9,1413,33
"2020-05-03",35,11,10,0,619,76,2719,585,743,1019,329,46,10,1424,33
"2020-05-04",57,22,11,1,609,76,2731,630,749,1059,326,79,12,1446,34
"2020-05-05",28,9,3,0,568,76,2734,547,755,1071,341,37,3,1455,34
"2020-05-06",52,19,5,0,541,73,2740,563,760,1107,333,71,5,1474,34
"2020-05-07",44,16,8,1,520,72,2750,537,768,1143,329,60,9,1490,35
"2020-05-08",53,24,7,0,488,72,2757,530,772,1177,318,77,7,1514,35
"2020-05-09",29,8,5,0,466,72,2762,475,778,1186,326,37,5,1522,35
"2020-05-10",22,19,4,1,449,72,2767,464,780,1189,335,41,5,1541,36
"2020-05-11",41,24,7,1,443,73,2775,493,787,1226,334,65,8,1565,37
"2020-05-12",23,29,2,0,401,71,2777,468,790,1268,312,52,2,1594,37
"2020-05-13",34,26,3,1,383,71,2781,444,794,1300,309,60,4,1620,38
"2020-05-14",22,20,8,2,359,71,2791,419,797,1328,297,42,10,1640,40
"2020-05-15",31,23,3,0,342,71,2795,402,803,1363,276,54,3,1663,40
"2020-05-16",16,6,7,1,327,70,2804,349,804,1373,275,22,8,1669,41
"2020-05-17",28,12,4,0,322,70,2809,364,804,1377,280,40,4,1681,41
"2020-05-18",36,22,4,0,316,70,2813,406,805,1409,283,58,4,1703,41
"2020-05-19",15,11,1,1,283,67,2815,380,807,1440,265,26,2,1714,42
"2020-05-20",29,17,2,0,272,66,2818,372,812,1471,250,46,2,1731,42
"2020-05-21",14,7,2,0,251,66,2820,334,816,1477,256,21,2,1738,42
"2020-05-22",28,18,4,0,240,66,2825,359,819,1509,241,46,4,1756,42
"2020-05-23",12,7,3,0,223,63,2828,318,820,1512,244,19,3,1763,42
"2020-05-24",18,13,7,0,222,63,2835,316,822,1512,254,31,7,1776,42
"2020-05-25",33,22,1,0,212,62,2836,349,823,1535,257,55,1,1798,42
"2020-05-26",25,14,4,0,189,62,2840,345,825,1554,250,39,4,1812,42
"2020-05-27",18,14,3,1,174,58,2844,322,826,1578,235,32,4,1826,43
"2020-05-28",14,12,1,0,166,57,2845,297,828,1609,215,26,1,1838,43
"2020-05-29",23,13,1,2,156,56,2848,296,831,1629,203,36,3,1851,45
"2020-05-30",20,5,2,0,146,54,2850,278,831,1636,198,25,2,1856,45
"2020-05-31",7,7,3,0,147,54,2853,269,831,1636,205,14,3,1863,45
"2020-06-01",12,7,4,0,144,53,2857,275,833,1636,208,19,4,1870,45
"2020-06-02",18,16,1,0,140,53,2858,295,833,1661,200,34,1,1886,45
"2020-06-03",16,9,4,1,128,50,2863,286,838,1681,185,25,5,1895,46
"2020-06-04",13,18,5,0,124,52,2868,278,840,1700,168,31,5,1913,46
"2020-06-05",9,9,3,0,122,51,2871,260,840,1710,160,18,3,1922,46
"2020-06-06",3,6,2,0,121,51,2873,227,842,1712,161,9,2,1928,46
"2020-06-07",3,9,3,0,120,50,2876,225,842,1714,161,12,3,1937,46
"2020-06-08",9,8,0,0,119,49,2877,230,842,1730,153,17,0,1945,46
"2020-06-09",9,9,2,0,111,48,2879,212,842,1741,146,18,2,1954,46
"2020-06-10",5,6,2,0,108,48,2881,194,843,1754,137,11,2,1960,46
"2020-06-11",14,12,1,0,104,48,2882,200,844,1765,132,26,1,1972,46
"2020-06-12",7,4,3,0,101,47,2885,192,845,1773,127,11,3,1976,46
"2020-06-13",4,4,2,0,99,45,2887,170,846,1773,127,8,2,1980,46
"2020-06-14",2,5,0,0,98,44,2887,166,848,1774,126,7,0,1985,46
"2020-06-15",5,5,1,0,97,44,2888,170,849,1792,118,10,1,1990,46
"2020-06-16",7,6,2,0,89,44,2890,168,851,1798,116,13,2,1996,46
"2020-06-17",6,10,0,0,82,42,2890,162,852,1804,116,16,0,2006,46
"2020-06-18",2,13,1,0,75,41,2891,166,853,1811,116,15,1,2019,46
"2020-06-19",3,10,0,0,69,38,2892,164,854,1821,108,13,0,2029,46
"2020-06-20",4,5,2,0,67,38,2894,147,855,1821,111,9,2,2034,46
"2020-06-21",4,9,0,0,63,36,2894,150,856,1821,111,13,0,2043,46
"2020-06-22",6,8,3,1,66,38,2898,157,857,1826,113,14,4,2051,47
"2020-06-23",6,9,1,0,59,35,2899,154,858,1832,110,15,1,2060,47
"2020-06-24",3,12,1,1,56,34,2901,151,859,1839,106,15,2,2072,48
"2020-06-25",8,8,1,0,53,33,2902,155,859,1845,105,16,1,2080,48
"2020-06-26",3,5,0,0,48,31,2902,154,860,1849,105,8,0,2085,48
"2020-06-27",0,1,0,0,44,29,2902,130,861,1849,108,1,0,2086,48
"2020-06-28",4,9,0,0,40,28,2902,137,861,1849,108,13,0,2095,48
"2020-06-29",8,7,0,0,40,28,2902,150,861,1853,107,15,0,2102,48
"2020-06-30",2,4,2,0,39,27,2904,135,861,1859,104,6,2,2106,48
"2020-07-01",3,4,0,0,35,25,2904,128,861,1862,102,7,0,2110,48
"2020-07-02",4,3,1,1,36,26,2906,123,862,1866,100,7,2,2113,49
"2020-07-03",4,6,0,0,33,25,2906,123,862,1874,92,10,0,2119,49
"2020-07-04",0,2,1,0,34,25,2907,114,862,1874,93,2,1,2121,49
"2020-07-05",1,4,0,0,33,24,2907,115,862,1875,93,5,0,2125,49
"2020-07-06",2,5,0,0,32,23,2907,123,863,1880,90,7,0,2130,49
"2020-07-07",3,5,1,0,30,22,2908,125,864,1883,89,8,1,2135,49
"2020-07-08",3,7,2,0,27,22,2910,126,864,1886,87,10,2,2142,49
"2020-07-09",3,7,1,0,27,21,2911,126,864,1889,84,10,1,2149,49
"2020-07-10",5,6,2,0,29,21,2913,133,865,1889,85,11,2,2155,49
"2020-07-11",2,1,0,0,26,19,2913,120,865,1889,85,3,0,2156,49
"2020-07-12",3,3,1,0,27,19,2914,122,866,1891,84,6,1,2159,49
"2020-07-13",4,5,0,0,26,20,2914,132,867,1892,85,9,0,2164,49
"2020-07-14",5,4,0,0,23,20,2914,133,867,1893,85,9,0,2168,49
"2020-07-15",1,4,1,0,23,19,2915,123,867,1897,83,5,1,2172,49
"2020-07-16",2,8,1,0,22,19,2916,123,867,1901,79,10,1,2180,49
"2020-07-17",5,3,0,0,24,18,2916,123,867,1901,80,8,0,2183,49
"2020-07-18",4,7,0,0,23,17,2916,125,867,1901,80,11,0,2190,49
"2020-07-19",4,3,1,0,25,17,2917,131,867,1901,81,7,1,2193,49
"2020-07-20",3,7,0,0,24,17,2917,139,867,1906,77,10,0,2200,49
"2020-07-21",8,7,2,0,25,17,2919,142,867,1908,78,15,2,2207,49
"2020-07-22",3,2,1,0,23,17,2920,133,868,1911,76,5,1,2209,49
"2020-07-23",8,9,1,0,22,17,2921,141,868,1913,76,17,1,2218,49
"2020-07-24",9,3,1,1,22,17,2923,137,868,1916,77,12,2,2221,50
"2020-07-25",8,6,1,0,19,15,2924,138,868,1917,78,14,1,2227,50
"2020-07-26",3,3,1,0,19,14,2926,141,868,1917,78,6,1,2230,50
"2020-07-27",5,7,4,0,23,17,2930,149,868,1919,77,12,4,2237,50
"2020-07-28",9,3,0,0,22,17,2930,150,869,1921,76,12,0,2240,50
"2020-07-29",4,3,0,0,21,16,2930,145,870,1922,76,7,0,2243,50
"2020-07-30",11,4,3,1,25,17,2934,147,870,1925,74,15,4,2247,51
"2020-07-31",10,2,4,0,28,19,2938,152,871,1925,73,12,4,2249,51
"2020-08-01",7,5,2,0,28,19,2940,153,871,1926,73,12,2,2254,51
"2020-08-02",9,1,2,0,29,20,2942,161,871,1926,73,10,2,2255,51
"2020-08-03",11,6,4,0,33,22,2946,172,871,1926,75,17,4,2261,51
"2020-08-04",8,10,3,0,34,24,2949,175,872,1927,76,18,3,2271,51
"2020-08-05",7,6,2,0,33,23,2951,172,872,1930,73,13,2,2277,51
"2020-08-06",9,5,2,0,35,25,2953,173,872,1931,72,14,2,2282,51
"2020-08-07",11,7,1,0,35,24,2954,183,872,1932,70,18,1,2289,51
"2020-08-08",14,5,1,0,36,25,2955,183,872,1932,71,19,1,2294,51
"2020-08-09",12,9,5,1,41,28,2961,198,874,1933,74,21,6,2303,52
"2020-08-10",11,9,4,0,40,29,2966,210,874,1934,74,20,4,2312,52
"2020-08-11",23,8,3,0,43,29,2970,227,875,1935,76,31,3,2320,52
"2020-08-12",17,6,4,0,43,27,2974,237,875,1936,80,23,4,2326,52
"2020-08-13",16,13,4,0,42,28,2978,239,875,1937,80,29,4,2339,52
"2020-08-14",12,9,7,1,48,29,2986,239,876,1938,83,21,8,2348,53
"2020-08-15",14,9,1,1,46,29,2988,237,877,1938,87,23,2,2357,54
"2020-08-16",14,10,5,1,48,31,2994,248,878,1939,86,24,6,2367,55
"2020-08-17",14,11,6,2,55,32,3002,265,880,1943,87,25,8,2378,57
"2020-08-18",10,11,2,1,50,33,3005,263,880,1946,86,21,3,2389,58
"2020-08-19",11,5,3,0,50,31,3008,258,880,1950,85,16,3,2394,58
"2020-08-20",17,5,5,0,52,35,3013,261,880,1953,83,22,5,2399,58
"2020-08-21",13,12,5,0,56,35,3018,256,881,1956,84,25,5,2411,58
"2020-08-22",9,6,0,0,51,33,3018,240,882,1956,85,15,0,2417,58
"2020-08-23",9,7,5,0,54,36,3023,244,882,1958,84,16,5,2424,58
"2020-08-24",9,39,1,0,54,37,3025,286,883,1959,89,48,1,2463,58
"2020-08-25",6,19,1,1,49,32,3027,300,883,1959,91,25,2,2482,59
"2020-08-26",1,7,0,0,47,32,3027,286,883,1959,91,8,0,2489,59
