"date","Hospital_Intake_Proven","Hospital_Intake_Suspected","IC_Intake_Proven","IC_Intake_Suspected","IC_Current","ICs_Used","IC_Cumulative","Hospital_Currently","IC_Deaths_Cumulative","IC_Discharge_Cumulative","IC_Discharge_InHospital","Hospital_Cumulative","Hospital_Intake","IC_Intake","Hosp_Intake_Suspec_Cumul","IC_Intake_Suspected_Cumul","IC_Intake_Proven_Cumsum"
2020-02-27,2,2,1,0,13,9,13,62,0,0,0,65,4,1,2,0,1
2020-02-28,3,0,0,1,14,10,14,65,0,0,0,68,3,1,2,1,1
2020-02-29,1,0,0,0,15,10,15,65,0,0,0,69,1,0,2,1,1
2020-03-01,7,1,2,0,17,11,17,73,0,0,1,77,8,2,3,1,3
2020-03-02,10,1,0,0,16,10,17,84,0,0,1,88,11,0,4,1,3
2020-03-03,8,0,1,0,18,10,19,91,0,0,1,96,8,1,4,1,4
2020-03-04,10,3,3,0,21,12,22,103,0,2,1,109,13,3,7,1,7
2020-03-05,12,1,1,1,21,14,24,113,0,2,1,121,13,2,8,2,8
2020-03-06,19,1,4,0,25,17,28,129,0,2,2,138,20,4,9,2,12
2020-03-07,7,3,3,0,27,17,31,137,0,3,1,146,10,3,12,2,15
2020-03-08,18,4,6,0,33,21,37,155,2,3,1,166,22,6,16,2,21
2020-03-09,28,5,5,2,38,22,45,181,2,3,1,197,33,7,21,4,26
2020-03-10,29,4,9,1,46,24,55,205,2,3,2,227,33,10,25,5,35
2020-03-11,44,5,9,0,54,26,65,241,4,3,2,270,49,9,30,5,44
2020-03-12,54,4,23,0,74,32,88,284,5,3,2,321,58,23,34,5,67
2020-03-13,75,4,13,0,85,35,102,351,5,4,2,397,79,13,38,5,80
2020-03-14,61,3,19,0,103,44,122,391,5,7,5,452,64,19,41,5,99
2020-03-15,69,8,27,1,127,51,151,439,7,7,6,523,77,28,49,6,126
2020-03-16,142,19,32,0,157,57,184,572,12,8,6,677,161,32,68,6,158
2020-03-17,145,12,34,0,186,60,220,657,14,8,9,817,157,34,80,6,192
2020-03-18,177,14,51,0,236,65,275,785,17,12,10,994,191,51,94,6,243
2020-03-19,258,24,60,2,296,70,343,991,25,12,12,1259,282,62,118,8,303
2020-03-20,240,25,80,1,369,71,428,1163,29,14,17,1502,265,81,143,9,383
2020-03-21,200,13,72,3,438,71,510,1242,41,16,27,1682,213,75,156,12,455
2020-03-22,236,18,72,1,487,71,584,1347,47,19,29,1908,254,73,174,13,527
2020-03-23,448,23,97,3,578,71,686,1669,64,22,41,2340,471,100,197,16,624
2020-03-24,426,25,109,1,660,73,801,1922,74,26,46,2750,451,110,222,17,733
2020-03-25,440,22,115,2,759,74,921,2139,86,31,54,3165,462,117,244,19,848
2020-03-26,441,32,105,4,846,74,1036,2336,104,41,57,3589,473,109,276,23,953
2020-03-27,560,34,111,1,931,74,1154,2596,118,47,74,4125,594,112,310,24,1064
2020-03-28,299,25,97,2,994,74,1257,2536,136,51,91,4401,324,99,335,26,1161
2020-03-29,254,17,88,2,1041,74,1350,2487,161,62,104,4624,271,90,352,28,1249
2020-03-30,442,29,123,3,1124,74,1479,2637,181,71,121,5028,471,126,381,31,1372
2020-03-31,309,40,109,1,1191,74,1592,2566,215,89,129,5319,349,110,421,32,1481
2020-04-01,314,37,74,3,1209,75,1668,2468,240,107,140,5623,351,77,458,35,1555
2020-04-02,349,37,91,3,1252,75,1768,2443,261,121,151,5952,386,94,495,38,1646
2020-04-03,335,52,74,0,1279,75,1845,2446,293,142,158,6298,387,74,547,38,1720
2020-04-04,187,24,63,3,1286,74,1912,2238,312,156,175,6467,211,66,571,41,1783
2020-04-05,227,21,73,3,1312,75,1991,2190,335,165,196,6666,248,76,592,44,1856
2020-04-06,325,51,59,1,1319,75,2053,2306,355,188,211,7001,376,60,643,45,1915
2020-04-07,202,51,56,2,1320,76,2115,2163,383,211,242,7215,253,58,694,47,1971
2020-04-08,209,32,54,0,1289,76,2173,2029,400,236,254,7422,241,54,726,47,2025
2020-04-09,187,35,50,1,1284,76,2225,1854,412,263,260,7608,222,51,761,48,2075
2020-04-10,204,38,48,1,1292,75,2276,1766,440,290,268,7818,242,49,799,49,2123
2020-04-11,132,20,27,2,1258,75,2306,1578,455,311,287,7949,152,29,819,51,2150
2020-04-12,136,32,33,1,1240,75,2341,1522,470,329,315,8100,168,34,851,52,2183
2020-04-13,167,31,43,1,1223,75,2386,1517,491,344,339,8267,198,44,882,53,2226
2020-04-14,162,33,34,2,1201,76,2423,1529,502,395,332,8436,195,36,915,55,2260
2020-04-15,118,16,23,1,1176,76,2448,1441,518,452,328,8552,134,24,931,56,2283
2020-04-16,115,22,28,2,1143,76,2478,1329,536,502,314,8667,137,30,953,58,2311
2020-04-17,138,25,25,1,1112,77,2504,1287,554,550,312,8806,163,26,978,59,2336
2020-04-18,79,14,19,0,1067,76,2523,1143,565,573,328,8879,93,19,992,59,2355
2020-04-19,83,15,19,1,1038,76,2543,1119,584,579,351,8960,98,20,1007,60,2374
2020-04-20,112,23,25,1,1018,76,2570,1161,603,635,335,9068,135,26,1030,61,2399
2020-04-21,116,25,21,0,982,76,2593,1113,624,687,334,9181,141,21,1055,61,2420
2020-04-22,90,22,14,0,925,77,2608,1031,641,733,329,9280,112,14,1077,61,2434
2020-04-23,95,36,16,0,884,77,2624,989,653,780,307,9394,131,16,1113,61,2450
2020-04-24,79,24,17,1,867,76,2643,935,663,843,275,9481,103,18,1137,62,2467
2020-04-25,44,22,13,0,836,76,2657,810,679,860,281,9539,66,13,1159,62,2480
2020-04-26,43,24,13,0,810,76,2670,781,688,869,296,9595,67,13,1183,62,2493
2020-04-27,61,17,14,0,788,76,2684,767,699,879,312,9662,78,14,1200,62,2507
2020-04-28,91,25,14,1,767,76,2700,784,705,930,296,9758,116,15,1225,63,2521
2020-04-29,58,18,11,0,739,76,2712,723,711,966,297,9817,76,11,1243,63,2532
2020-04-30,62,19,17,2,715,76,2731,697,724,1009,282,9887,81,19,1262,65,2549
2020-05-01,52,9,9,0,680,76,2740,644,726,1051,283,9937,61,9,1271,65,2558
2020-05-02,27,13,9,2,642,76,2751,562,735,1066,283,9972,40,11,1284,67,2567
2020-05-03,36,9,10,0,628,76,2762,546,740,1073,297,10008,45,10,1293,67,2577
2020-05-04,58,25,11,2,619,76,2774,594,746,1117,290,10078,83,13,1318,69,2588
2020-05-05,28,7,3,0,577,76,2777,525,751,1131,304,10109,35,3,1325,69,2591
2020-05-06,59,15,5,0,550,73,2783,539,757,1169,294,10173,74,5,1340,69,2596
2020-05-07,46,15,8,1,528,72,2793,515,765,1208,288,10223,61,9,1355,70,2604
2020-05-08,55,25,7,1,497,72,2801,513,769,1244,275,10298,80,8,1380,71,2611
2020-05-09,30,5,5,0,475,72,2806,465,774,1253,283,10329,35,5,1385,71,2616
2020-05-10,25,12,4,1,457,72,2811,448,775,1256,292,10359,37,5,1397,72,2620
2020-05-11,45,20,7,1,451,73,2819,479,782,1296,288,10419,65,8,1417,73,2627
2020-05-12,26,20,2,0,409,71,2821,448,785,1339,265,10461,46,2,1437,73,2629
2020-05-13,38,19,3,1,391,71,2825,424,790,1374,263,10511,57,4,1456,74,2632
2020-05-14,25,13,8,1,365,71,2834,390,794,1401,250,10541,38,9,1469,75,2640
2020-05-15,32,14,3,1,349,71,2839,370,801,1434,231,10581,46,4,1483,76,2643
2020-05-16,17,4,7,1,333,70,2847,324,803,1443,231,10598,21,8,1487,77,2650
2020-05-17,30,10,4,0,326,70,2851,338,804,1447,235,10633,40,4,1497,77,2654
2020-05-18,36,12,4,0,321,70,2855,371,804,1479,238,10677,48,4,1509,77,2658
2020-05-19,18,10,1,1,288,67,2857,348,806,1512,216,10703,28,2,1519,78,2659
2020-05-20,31,13,2,0,278,66,2860,335,812,1542,202,10741,44,2,1532,78,2661
2020-05-21,14,5,2,0,257,66,2862,299,816,1548,208,10755,19,2,1537,78,2663
2020-05-22,32,18,3,0,245,65,2866,330,819,1581,191,10799,50,3,1555,78,2666
2020-05-23,13,8,4,0,230,64,2870,292,820,1584,195,10817,21,4,1563,78,2670
2020-05-24,18,15,7,0,229,64,2877,284,821,1584,205,10841,33,7,1578,78,2677
2020-05-25,35,21,1,0,219,63,2878,319,822,1607,209,10892,56,1,1599,78,2678
2020-05-26,25,10,4,0,196,64,2882,312,826,1627,201,10924,35,4,1609,78,2682
2020-05-27,16,10,3,1,182,60,2886,281,827,1650,186,10946,26,4,1619,79,2685
2020-05-28,17,8,1,0,174,59,2887,262,829,1681,166,10965,25,1,1627,79,2686
2020-05-29,24,12,1,2,164,58,2890,265,832,1702,153,10996,36,3,1639,81,2687
2020-05-30,19,5,3,0,155,56,2893,248,832,1709,147,11017,24,3,1644,81,2690
2020-05-31,12,7,3,0,157,56,2896,243,832,1709,154,11035,19,3,1651,81,2693
2020-06-01,15,6,5,0,155,57,2901,247,835,1709,157,11052,21,5,1657,81,2698
2020-06-02,24,17,1,0,150,57,2902,269,835,1734,150,11088,41,1,1674,81,2699
2020-06-03,18,9,5,0,137,54,2907,260,840,1755,133,11106,27,5,1683,81,2704
2020-06-04,14,16,5,1,135,56,2913,246,843,1775,116,11128,30,6,1699,82,2709
2020-06-05,9,12,3,0,132,54,2916,228,843,1785,109,11146,21,3,1711,82,2712
2020-06-06,4,5,2,0,130,54,2918,194,844,1787,110,11153,9,2,1716,82,2714
2020-06-07,4,11,3,0,129,53,2921,193,844,1789,110,11166,15,3,1727,82,2717
2020-06-08,11,6,0,0,128,53,2922,193,844,1806,102,11183,17,0,1733,82,2717
2020-06-09,9,8,2,0,120,52,2924,173,845,1818,94,11198,17,2,1741,82,2719
2020-06-10,5,6,2,0,117,52,2926,157,846,1830,85,11207,11,2,1747,82,2721
2020-06-11,14,10,1,0,113,52,2927,162,846,1842,78,11227,24,1,1757,82,2722
2020-06-12,8,3,3,0,110,50,2930,153,847,1852,72,11237,11,3,1760,82,2725
2020-06-13,4,4,2,0,108,49,2932,134,848,1852,72,11243,8,2,1764,82,2727
2020-06-14,3,5,0,0,107,48,2932,133,850,1854,70,11251,8,0,1769,82,2727
2020-06-15,5,4,1,0,106,48,2933,136,851,1872,62,11259,9,1,1773,82,2728
2020-06-16,8,7,2,0,97,47,2935,136,854,1877,61,11273,15,2,1780,82,2730
2020-06-17,7,6,0,0,89,45,2935,128,856,1884,59,11284,13,0,1786,82,2730
2020-06-18,4,10,1,0,82,44,2936,129,857,1891,60,11297,14,1,1796,82,2731
2020-06-19,4,6,0,0,76,44,2937,125,858,1899,52,11306,10,0,1802,82,2731
2020-06-20,4,4,2,0,75,44,2939,106,859,1900,55,11311,8,2,1806,82,2733
2020-06-21,5,7,0,0,71,42,2939,107,860,1900,55,11322,12,0,1813,82,2733
2020-06-22,7,6,3,0,73,44,2942,110,861,1904,58,11334,13,3,1819,82,2736
2020-06-23,6,9,1,0,66,41,2943,111,862,1911,55,11344,15,1,1828,82,2737
2020-06-24,5,11,1,0,62,40,2944,110,863,1917,50,11359,16,1,1839,82,2738
2020-06-25,9,8,0,1,61,38,2945,118,863,1923,50,11374,17,1,1847,83,2738
2020-06-26,2,6,0,0,55,35,2945,114,864,1927,50,11380,8,0,1853,83,2738
2020-06-27,2,2,0,0,50,33,2945,93,865,1927,53,11384,4,0,1855,83,2738
2020-06-28,4,3,0,0,46,32,2945,94,865,1927,53,11391,7,0,1858,83,2738
2020-06-29,8,5,0,0,46,32,2945,103,865,1932,50,11401,13,0,1863,83,2738
2020-06-30,2,5,2,0,46,32,2947,89,865,1939,46,11406,7,2,1868,83,2740
2020-07-01,4,5,0,0,42,29,2947,87,865,1944,42,11415,9,0,1873,83,2740
2020-07-02,4,2,2,1,44,32,2950,80,866,1948,40,11418,6,3,1875,84,2742
2020-07-03,6,4,0,0,41,31,2950,80,866,1957,31,11426,10,0,1879,84,2742
2020-07-04,0,3,1,0,42,31,2951,71,866,1957,33,11428,3,1,1882,84,2743
2020-07-05,2,7,0,0,40,29,2951,75,866,1958,33,11435,9,0,1889,84,2743
2020-07-06,2,4,1,0,40,29,2952,79,867,1963,30,11441,6,1,1893,84,2744
2020-07-07,4,4,1,0,38,28,2953,82,868,1965,30,11448,8,1,1897,84,2745
2020-07-08,4,3,2,0,35,28,2955,80,868,1970,26,11454,7,2,1900,84,2747
2020-07-09,6,5,1,0,35,27,2956,80,868,1974,22,11462,11,1,1905,84,2748
2020-07-10,7,6,1,0,36,27,2957,90,868,1974,23,11473,13,1,1911,84,2749
2020-07-11,2,2,0,0,34,25,2957,82,868,1974,23,11476,4,0,1913,84,2749
2020-07-12,3,3,1,0,35,25,2958,82,869,1976,22,11479,6,1,1916,84,2750
2020-07-13,4,4,0,0,34,25,2958,88,870,1977,23,11487,8,0,1920,84,2750
2020-07-14,6,4,0,0,31,25,2958,89,870,1978,23,11496,10,0,1924,84,2750
2020-07-15,2,4,1,0,31,25,2959,82,870,1980,23,11501,6,1,1928,84,2751
2020-07-16,2,6,1,0,30,25,2960,78,870,1985,18,11508,8,1,1934,84,2752
2020-07-17,6,1,0,0,30,24,2960,76,870,1985,19,11514,7,0,1935,84,2752
2020-07-18,6,7,0,0,29,24,2960,83,870,1985,19,11527,13,0,1942,84,2752
2020-07-19,7,1,1,0,30,24,2961,87,870,1985,20,11535,8,1,1943,84,2753
2020-07-20,4,4,0,1,30,25,2962,90,871,1990,16,11542,8,1,1947,85,2753
2020-07-21,6,7,2,2,32,26,2964,91,871,1992,17,11553,13,4,1954,87,2755
2020-07-22,4,1,1,0,32,25,2965,80,872,1995,15,11557,5,1,1955,87,2756
2020-07-23,9,6,1,0,30,24,2966,85,872,1997,15,11571,15,1,1961,87,2757
2020-07-24,10,0,1,0,28,22,2967,83,872,2001,15,11580,10,1,1961,87,2758
2020-07-25,10,3,1,0,25,22,2968,86,872,2002,16,11592,13,1,1964,87,2759
2020-07-26,4,2,1,0,25,22,2970,88,872,2002,16,11596,6,1,1966,87,2760
2020-07-27,6,5,4,0,29,24,2974,96,872,2004,14,11606,11,4,1971,87,2764
2020-07-28,10,2,0,0,29,24,2974,99,872,2005,13,11618,12,0,1973,87,2764
2020-07-29,4,0,0,0,28,24,2974,90,873,2006,13,11621,4,0,1973,87,2764
2020-07-30,15,3,3,0,30,25,2977,94,873,2008,11,11638,18,3,1976,87,2767
2020-07-31,11,1,4,0,33,27,2981,98,875,2008,10,11648,12,4,1977,87,2771
2020-08-01,9,3,2,0,34,27,2983,100,875,2009,10,11659,12,2,1980,87,2773
2020-08-02,10,2,2,0,35,27,2985,108,875,2009,10,11670,12,2,1982,87,2775
2020-08-03,15,3,3,0,38,27,2988,118,875,2009,11,11687,18,3,1985,87,2778
2020-08-04,8,3,3,0,40,29,2991,111,876,2010,12,11696,11,3,1988,87,2781
2020-08-05,8,3,2,0,39,28,2993,107,876,2013,9,11706,11,2,1991,87,2783
2020-08-06,12,2,2,0,41,29,2995,107,877,2014,8,11717,14,2,1993,87,2785
2020-08-07,13,2,1,0,41,29,2996,113,877,2015,7,11732,15,1,1995,87,2786
2020-08-08,16,1,1,0,42,30,2997,118,877,2015,8,11749,17,1,1996,87,2787
2020-08-09,18,4,5,1,47,34,3003,130,879,2016,11,11767,22,6,2000,88,2792
2020-08-10,15,4,4,0,46,34,3007,140,879,2017,11,11786,19,4,2004,88,2796
2020-08-11,26,7,3,1,49,34,3010,160,880,2018,13,11817,33,4,2011,89,2799
2020-08-12,20,1,4,0,49,33,3014,166,880,2019,18,11835,21,4,2012,89,2803
2020-08-13,19,4,4,0,46,33,3018,164,880,2019,19,11855,23,4,2016,89,2807
2020-08-14,12,4,6,0,51,35,3024,161,880,2020,21,11867,16,6,2020,89,2813
2020-08-15,15,3,1,0,49,34,3025,157,881,2020,23,11885,18,1,2023,89,2814
2020-08-16,16,5,4,0,50,35,3029,165,881,2021,22,11904,21,4,2028,89,2818
2020-08-17,18,8,7,2,59,38,3038,181,883,2024,23,11927,26,9,2036,91,2825
2020-08-18,11,1,2,0,54,38,3040,176,883,2028,22,11937,12,2,2037,91,2827
2020-08-19,16,2,3,0,53,37,3043,178,883,2034,20,11951,18,3,2039,91,2830
2020-08-20,25,2,6,0,55,40,3049,190,884,2037,16,11975,27,6,2041,91,2836
2020-08-21,19,9,5,0,58,40,3054,184,885,2040,16,11999,28,5,2050,91,2841
2020-08-22,10,4,0,0,54,38,3054,164,885,2040,18,12013,14,0,2054,91,2841
2020-08-23,14,2,5,0,56,40,3059,165,885,2041,18,12025,16,5,2056,91,2846
2020-08-24,11,4,1,0,56,41,3061,169,886,2042,24,12038,15,1,2060,91,2847
2020-08-25,19,4,3,0,51,36,3064,176,886,2043,25,12058,23,3,2064,91,2850
2020-08-26,12,6,0,0,49,36,3064,166,886,2049,22,12076,18,0,2070,91,2850
2020-08-27,7,1,2,1,49,36,3067,150,886,2053,22,12083,8,3,2071,92,2852
2020-08-28,12,2,1,0,47,37,3069,152,887,2058,18,12095,14,1,2073,92,2853
2020-08-29,2,2,2,0,47,36,3072,135,887,2059,17,12098,4,2,2075,92,2855
2020-08-30,9,2,3,0,52,38,3075,136,888,2059,18,12109,11,3,2077,92,2858
2020-08-31,16,3,1,0,51,37,3076,148,890,2062,18,12127,19,1,2080,92,2859
2020-09-01,14,1,2,0,47,38,3078,147,891,2064,18,12140,15,2,2081,92,2861
2020-09-02,17,9,0,0,45,37,3079,154,891,2066,18,12164,26,0,2090,92,2861
2020-09-03,12,4,4,0,47,34,3083,148,891,2069,15,12177,16,4,2094,92,2865
2020-09-04,16,6,4,0,51,36,3087,155,892,2070,18,12197,22,4,2100,92,2869
2020-09-05,18,2,1,0,47,35,3088,155,892,2071,18,12217,20,1,2102,92,2870
2020-09-06,23,7,4,0,51,36,3092,174,892,2071,19,12241,30,4,2109,92,2874
2020-09-07,29,5,3,0,52,36,3095,195,892,2072,21,12272,34,3,2114,92,2877
2020-09-08,22,5,2,0,51,33,3098,208,893,2072,24,12298,27,2,2119,92,2879
2020-09-09,34,10,3,0,52,34,3102,228,894,2074,23,12341,44,3,2129,92,2882
2020-09-10,18,4,5,0,55,34,3107,223,895,2076,21,12360,22,5,2133,92,2887
2020-09-11,42,3,6,0,60,36,3113,242,895,2077,22,12398,45,6,2136,92,2893
2020-09-12,21,1,6,0,64,38,3119,240,895,2078,23,12418,22,6,2137,92,2899
2020-09-13,25,5,4,0,66,39,3123,253,895,2078,23,12446,30,4,2142,92,2903
2020-09-14,52,8,9,1,77,41,3134,293,896,2081,24,12503,60,10,2150,93,2912
2020-09-15,40,3,4,0,77,41,3138,303,897,2085,25,12544,43,4,2153,93,2916
2020-09-16,48,8,1,0,72,42,3139,329,898,2086,27,12598,56,1,2161,93,2917
2020-09-17,54,8,4,0,72,43,3143,347,898,2091,25,12656,62,4,2169,93,2921
2020-09-18,80,2,6,0,76,42,3150,385,898,2093,25,12728,82,6,2171,93,2927
2020-09-19,59,5,14,0,89,46,3164,403,899,2095,24,12785,64,14,2176,93,2941
2020-09-20,51,2,12,0,100,47,3177,423,900,2095,27,12829,53,12,2178,93,2953
2020-09-21,81,3,11,0,109,48,3190,475,903,2098,24,12908,84,11,2181,93,2964
2020-09-22,71,3,11,0,117,51,3202,504,903,2101,25,12976,74,11,2184,93,2975
2020-09-23,91,5,12,0,125,53,3214,541,904,2106,24,13064,96,12,2189,93,2987
2020-09-24,104,8,10,0,132,57,3225,592,905,2108,25,13170,112,10,2197,93,2997
2020-09-25,92,6,17,0,146,58,3243,621,907,2112,25,13256,98,17,2203,93,3014
2020-09-26,79,2,13,0,151,60,3256,617,908,2113,30,13329,81,13,2205,93,3027
2020-09-27,81,5,17,1,162,60,3274,651,910,2113,37,13405,86,18,2210,94,3044
2020-09-28,111,3,15,0,169,61,3289,704,912,2117,44,13509,114,15,2213,94,3059
2020-09-29,100,6,22,1,179,63,3312,741,914,2120,52,13603,106,23,2219,95,3081
2020-09-30,112,3,14,2,182,63,3328,758,917,2123,56,13710,115,16,2222,97,3095
2020-10-01,108,13,14,1,188,65,3342,788,921,2131,56,13825,121,15,2235,98,3109
2020-10-02,121,4,12,0,188,64,3356,811,921,2134,62,13938,125,12,2239,98,3121
2020-10-03,137,5,19,0,197,68,3375,831,923,2138,66,14068,142,19,2244,98,3140
2020-10-04,104,4,22,0,209,68,3397,874,928,2142,69,14168,108,22,2248,98,3162
2020-10-05,165,5,26,0,223,67,3425,977,931,2146,72,14326,170,26,2253,98,3188
2020-10-06,156,3,32,0,244,69,3458,1021,933,2159,75,14468,159,32,2256,98,3220
2020-10-07,148,4,28,1,257,69,3488,1043,937,2169,76,14609,152,29,2260,99,3248
2020-10-08,157,4,22,0,262,69,3510,1067,940,2175,78,14754,161,22,2264,99,3270
2020-10-09,207,6,28,0,279,70,3538,1141,951,2184,85,14946,213,28,2270,99,3298
2020-10-10,147,3,26,0,278,70,3565,1121,954,2194,84,15080,150,26,2273,99,3324
2020-10-11,157,3,19,0,284,69,3584,1178,961,2199,92,15233,160,19,2276,99,3343
2020-10-12,240,3,37,0,307,69,3625,1326,965,2210,93,15451,243,37,2279,99,3380
2020-10-13,246,6,36,0,327,73,3663,1425,968,2223,93,15680,252,36,2285,99,3416
2020-10-14,203,4,35,0,344,73,3698,1420,974,2230,99,15864,207,35,2289,99,3451
2020-10-15,215,7,36,3,363,73,3736,1450,976,2239,109,16059,222,39,2296,102,3487
2020-10-16,226,6,54,0,401,74,3792,1507,988,2260,109,16262,232,54,2302,102,3541
2020-10-17,213,3,30,0,395,75,3823,1494,994,2266,113,16455,216,30,2305,102,3571
2020-10-18,182,5,41,0,417,75,3864,1523,999,2271,124,16616,187,41,2310,102,3612
2020-10-19,283,11,57,1,455,76,3924,1679,1004,2282,132,16874,294,58,2321,103,3669
2020-10-20,244,15,48,1,482,75,3975,1739,1012,2299,134,17096,259,49,2336,104,3717
2020-10-21,269,3,48,0,497,75,4024,1771,1022,2312,142,17341,272,48,2339,104,3765
2020-10-22,273,5,42,0,510,75,4067,1837,1030,2334,150,17592,278,42,2344,104,3807
2020-10-23,308,11,50,0,524,75,4120,1917,1049,2352,145,17879,319,50,2355,104,3857
2020-10-24,202,7,37,1,532,75,4160,1846,1056,2363,161,18063,209,38,2362,105,3894
2020-10-25,250,7,48,0,547,74,4208,1917,1072,2373,168,18288,257,48,2369,105,3942
2020-10-26,335,3,58,0,572,76,4266,2075,1078,2390,185,18585,338,58,2372,105,4000
2020-10-27,287,3,49,0,585,77,4318,2080,1090,2417,178,18842,290,49,2375,105,4049
2020-10-28,280,7,51,0,604,76,4371,2066,1096,2439,187,19099,287,51,2382,105,4100
2020-10-29,271,10,45,1,615,76,4418,2037,1105,2460,189,19340,281,46,2392,106,4145
2020-10-30,286,13,39,0,622,75,4461,2059,1117,2483,193,19607,299,39,2405,106,4184
2020-10-31,201,6,48,0,631,76,4511,1984,1134,2492,200,19790,207,48,2411,106,4232
2020-11-01,219,3,41,0,636,77,4554,2004,1145,2500,216,19986,222,41,2414,106,4273
2020-11-02,383,12,59,0,661,77,4615,2216,1154,2526,220,20337,395,59,2426,106,4332
2020-11-03,238,5,30,0,658,77,4649,2163,1165,2552,219,20549,243,30,2431,106,4362
2020-11-04,247,6,40,0,663,76,4690,2100,1178,2582,214,20760,253,40,2437,106,4402
2020-11-05,240,4,35,0,658,76,4727,2025,1194,2614,204,20975,244,35,2441,106,4437
2020-11-06,237,9,35,0,654,76,4762,1948,1210,2641,209,21194,246,35,2450,106,4472
2020-11-07,153,9,36,0,644,76,4801,1801,1222,2650,224,21327,162,36,2459,106,4508
2020-11-08,161,2,43,0,649,76,4845,1784,1233,2661,242,21460,163,43,2461,106,4551
2020-11-09,289,6,41,0,652,77,4887,1923,1246,2695,231,21722,295,41,2467,106,4592
2020-11-10,225,8,35,0,652,77,4925,1864,1261,2724,227,21918,233,35,2475,106,4627
2020-11-11,235,3,36,0,649,77,4962,1823,1272,2753,221,22123,238,36,2478,106,4663
2020-11-12,207,9,39,0,653,77,5003,1775,1284,2780,212,22302,216,39,2487,106,4702
2020-11-13,244,6,31,0,655,77,5034,1757,1299,2819,211,22521,250,31,2493,106,4733
2020-11-14,142,3,22,1,623,77,5057,1626,1310,2826,225,22642,145,23,2496,107,4755
2020-11-15,146,9,34,0,625,76,5091,1620,1328,2834,241,22771,155,34,2505,107,4789
2020-11-16,253,16,36,0,621,76,5127,1768,1344,2860,240,22999,269,36,2521,107,4825
2020-11-17,199,11,26,0,608,76,5157,1740,1361,2892,236,23179,210,26,2532,107,4851
2020-11-18,192,6,30,0,592,76,5189,1683,1373,2918,233,23348,198,30,2538,107,4881
2020-11-19,187,13,36,0,595,76,5228,1619,1386,2946,232,23515,200,36,2551,107,4917
2020-11-20,169,5,27,1,587,76,5259,1533,1400,2974,226,23666,174,28,2556,108,4944
2020-11-21,140,2,20,0,572,76,5279,1438,1413,2981,234,23792,142,20,2558,108,4964
2020-11-22,166,7,24,0,569,76,5305,1471,1427,2988,236,23943,173,24,2565,108,4988
2020-11-23,217,8,25,0,570,76,5330,1600,1443,3017,232,24139,225,25,2573,108,5013
2020-11-24,153,13,33,0,563,76,5365,1554,1457,3046,225,24281,166,33,2586,108,5046
2020-11-25,160,5,41,1,570,77,5406,1483,1471,3072,219,24413,165,42,2591,109,5087
2020-11-26,189,7,30,0,565,76,5436,1490,1485,3093,217,24581,196,30,2598,109,5117
2020-11-27,177,10,16,0,548,75,5453,1480,1493,3125,207,24745,187,16,2608,109,5133
2020-11-28,102,3,22,0,540,75,5475,1383,1507,3133,216,24829,105,22,2611,109,5155
2020-11-29,119,3,17,0,525,75,5494,1389,1517,3137,231,24938,122,17,2614,109,5172
2020-11-30,172,6,23,2,522,75,5520,1476,1529,3161,232,25086,178,25,2620,111,5195
2020-12-01,150,3,29,0,515,75,5551,1431,1540,3182,231,25217,153,29,2623,111,5224
2020-12-02,168,5,28,0,514,75,5580,1399,1552,3204,236,25361,173,28,2628,111,5252
2020-12-03,184,4,30,0,503,75,5611,1404,1560,3220,233,25523,188,30,2632,111,5282
2020-12-04,202,11,29,0,513,76,5643,1437,1571,3251,219,25705,213,29,2643,111,5311
2020-12-05,145,5,26,0,509,76,5670,1389,1581,3255,227,25840,150,26,2648,111,5337
2020-12-06,139,5,27,0,512,76,5698,1427,1591,3261,235,25960,144,27,2653,111,5364
2020-12-07,218,9,20,0,508,75,5719,1538,1599,3284,235,26170,227,20,2662,111,5384
2020-12-08,176,8,38,0,517,75,5759,1519,1612,3312,229,26325,184,38,2670,111,5422
2020-12-09,177,6,31,0,512,76,5793,1500,1623,3340,219,26478,183,31,2676,111,5453
2020-12-10,198,6,33,1,518,76,5828,1499,1632,3360,226,26657,204,34,2682,112,5486
2020-12-11,255,11,35,0,513,76,5864,1573,1640,3380,221,26889,266,35,2693,112,5521
2020-12-12,154,3,22,0,510,75,5886,1548,1647,3388,222,27035,157,22,2696,112,5543
2020-12-13,179,10,40,0,535,75,5929,1603,1655,3390,233,27192,189,40,2706,112,5583
2020-12-14,277,12,22,1,540,75,5954,1776,1662,3419,229,27451,289,23,2718,113,5605
2020-12-15,219,5,45,1,554,76,6000,1771,1669,3439,230,27633,224,46,2723,114,5650
2020-12-16,245,8,36,0,564,76,6036,1801,1684,3466,212,27860,253,36,2731,114,5686
2020-12-17,255,13,48,0,588,76,6084,1851,1693,3492,209,28102,268,48,2744,114,5734
2020-12-18,279,4,36,1,595,77,6123,1899,1700,3515,211,28359,283,37,2748,115,5770
2020-12-19,180,6,43,0,607,77,6168,1806,1712,3519,230,28518,186,43,2754,115,5813
2020-12-20,189,4,53,0,626,77,6223,1821,1728,3527,240,28678,193,53,2758,115,5866
2020-12-21,333,3,30,1,625,76,6257,2009,1740,3555,232,28975,336,31,2761,116,5896
2020-12-22,271,8,41,0,633,76,6300,2029,1750,3584,222,29220,279,41,2769,116,5937
2020-12-23,288,9,45,0,652,77,6350,2060,1761,3608,229,29480,297,45,2778,116,5982
2020-12-24,298,12,44,1,654,78,6397,2088,1774,3641,227,29752,310,45,2790,117,6026
2020-12-25,226,6,36,0,646,78,6435,1992,1788,3647,236,29959,232,36,2796,117,6062
2020-12-26,240,5,40,0,660,78,6479,2037,1797,3653,250,30165,245,40,2801,117,6102
2020-12-27,263,3,43,0,674,78,6523,2128,1811,3659,265,30389,266,43,2804,117,6145
2020-12-28,445,5,64,1,710,78,6594,2412,1822,3682,272,30792,450,65,2809,118,6209
2020-12-29,241,4,60,0,732,78,6656,2395,1830,3703,278,30992,245,60,2813,118,6269
2020-12-30,255,9,45,1,744,78,6704,2348,1842,3730,272,31221,264,46,2822,119,6314
2020-12-31,255,7,36,1,741,77,6744,2268,1858,3751,287,31450,262,37,2829,120,6350
2021-01-01,209,3,40,0,730,77,6785,2111,1868,3765,298,31644,212,40,2832,120,6390
2021-01-02,226,5,38,0,733,77,6824,2161,1882,3773,316,31847,231,38,2837,120,6428
2021-01-03,225,11,43,0,735,77,6868,2192,1898,3784,333,32050,236,43,2848,120,6471
2021-01-04,321,7,57,1,753,77,6927,2312,1911,3809,354,32323,328,58,2855,121,6528
2021-01-05,274,7,48,0,749,78,6981,2281,1931,3846,352,32559,281,48,2862,121,6576
2021-01-06,241,9,45,0,736,78,7027,2231,1943,3886,336,32772,250,45,2871,121,6621
2021-01-07,237,9,36,0,737,78,7066,2182,1964,3922,328,32979,246,36,2880,121,6657
2021-01-08,234,9,40,0,733,78,7111,2124,1986,3960,321,33177,243,40,2889,121,6697
2021-01-09,163,5,32,0,713,78,7143,1959,1999,3970,332,33318,168,32,2894,121,6729
2021-01-10,180,3,31,0,711,77,7175,1963,2005,3980,343,33475,183,31,2897,121,6760
2021-01-11,267,9,36,1,724,78,7214,2099,2023,4013,335,33726,276,37,2906,122,6796
2021-01-12,210,7,40,0,727,78,7259,2041,2031,4057,314,33902,217,40,2913,122,6836
2021-01-13,237,7,38,0,731,77,7297,1987,2046,4088,319,34111,244,38,2920,122,6874
2021-01-14,205,9,35,1,716,78,7332,1929,2055,4123,318,34296,214,36,2929,123,6909
2021-01-15,214,11,34,1,708,78,7369,1913,2067,4154,320,34489,225,35,2940,124,6943
2021-01-16,158,2,25,0,688,77,7396,1789,2078,4160,332,34627,160,25,2942,124,6968
2021-01-17,145,6,38,0,696,77,7434,1744,2083,4166,356,34752,151,38,2948,124,7006
2021-01-18,239,10,41,0,705,77,7476,1868,2099,4200,347,34966,249,41,2958,124,7047
2021-01-19,214,7,31,1,697,77,7510,1861,2108,4236,344,35156,221,32,2965,125,7078
2021-01-20,184,5,33,1,691,76,7544,1792,2120,4268,332,35313,189,34,2970,126,7111
2021-01-21,225,11,41,0,697,76,7585,1795,2135,4298,331,35516,236,41,2981,126,7152
2021-01-22,208,12,34,0,691,76,7621,1789,2147,4337,325,35702,220,34,2993,126,7186
2021-01-23,158,4,33,0,679,76,7654,1722,2156,4350,333,35846,162,33,2997,126,7219
2021-01-24,147,2,27,0,675,76,7681,1732,2168,4354,351,35974,149,27,2999,126,7246
2021-01-25,206,5,52,1,697,76,7735,1824,2181,4391,341,36155,211,53,3004,127,7298
2021-01-26,169,8,34,1,693,76,7772,1778,2197,4419,352,36298,177,35,3012,128,7332
2021-01-27,183,7,29,1,667,77,7802,1721,2211,4447,350,36455,190,30,3019,129,7361
2021-01-28,206,7,42,1,666,76,7845,1697,2220,4473,350,36630,213,43,3026,130,7403
2021-01-29,218,8,28,0,663,77,7874,1716,2237,4499,355,36831,226,28,3034,130,7431
2021-01-30,129,4,30,0,648,77,7905,1644,2244,4510,356,36942,133,30,3038,130,7461
2021-01-31,146,9,35,2,665,77,7943,1682,2255,4514,368,37067,155,37,3047,132,7496
2021-02-01,227,9,29,1,670,77,7974,1787,2267,4548,368,37259,236,30,3056,133,7525
2021-02-02,176,9,28,0,651,77,8002,1755,2283,4575,371,37421,185,28,3065,133,7553
2021-02-03,166,10,29,0,635,77,8031,1698,2293,4620,365,37573,176,29,3075,133,7582
2021-02-04,191,14,24,0,609,77,8056,1679,2302,4656,363,37749,205,24,3089,133,7606
2021-02-05,175,17,18,0,579,76,8074,1681,2316,4692,360,37926,192,18,3106,133,7624
2021-02-06,130,3,20,0,552,76,8094,1566,2328,4700,375,38043,133,20,3109,133,7644
2021-02-07,113,7,21,0,539,76,8116,1555,2336,4705,383,38137,120,21,3116,133,7665
2021-02-08,186,10,31,0,551,77,8149,1661,2338,4740,369,38301,196,31,3126,133,7696
2021-02-09,182,9,18,3,550,77,8170,1637,2350,4781,345,38477,191,21,3135,136,7714
2021-02-10,184,10,30,0,550,76,8200,1637,2360,4814,335,38641,194,30,3145,136,7744
2021-02-11,170,20,30,0,546,74,8231,1631,2368,4845,332,38802,190,30,3165,136,7774
2021-02-12,173,14,31,1,543,74,8265,1611,2378,4873,325,38958,187,32,3179,137,7805
2021-02-13,104,9,21,0,536,74,8288,1519,2385,4882,330,39057,113,21,3188,137,7826
2021-02-14,125,27,24,1,541,74,8314,1543,2396,4886,337,39189,152,25,3215,138,7850
2021-02-15,152,61,30,1,552,74,8347,1655,2402,4909,347,39377,213,31,3276,139,7880
2021-02-16,12,10,5,2,520,74,8355,1529,2406,4911,350,39395,22,7,3286,141,7885
