"date","Hospital_Intake_Proven","Hospital_Intake_Suspected","IC_Intake_Proven","IC_Intake_Suspected","IC_Current","ICs_Used","IC_Cumulative","Hospital_Currently","IC_Deaths_Cumulative","IC_Discharge_Cumulative","IC_Discharge_InHospital","Hospital_Cumulative","Hospital_Intake","IC_Intake","Hosp_Intake_Suspec_Cumul","IC_Intake_Suspected_Cumul","IC_Intake_Proven_Cumsum"
2020-02-27,2,2,1,0,15,9,15,62,0,0,0,65,4,1,2,0,1
2020-02-28,3,0,0,1,16,10,16,65,0,0,0,68,3,1,2,1,1
2020-02-29,1,0,0,0,17,10,17,65,0,0,0,69,1,0,2,1,1
2020-03-01,7,1,2,0,19,11,19,73,0,0,1,77,8,2,3,1,3
2020-03-02,10,1,0,0,18,10,19,84,0,0,1,88,11,0,4,1,3
2020-03-03,8,0,1,0,20,10,21,91,0,0,1,96,8,1,4,1,4
2020-03-04,10,3,3,0,23,12,24,103,0,2,1,109,13,3,7,1,7
2020-03-05,12,1,1,1,23,14,26,113,0,2,1,121,13,2,8,2,8
2020-03-06,18,1,4,0,27,17,30,128,0,2,2,137,19,4,9,2,12
2020-03-07,7,3,3,0,29,17,33,137,0,3,1,146,10,3,12,2,15
2020-03-08,18,4,6,0,35,21,39,155,2,3,1,166,22,6,16,2,21
2020-03-09,27,5,5,2,40,23,47,180,2,3,1,196,32,7,21,4,26
2020-03-10,28,4,9,1,48,24,57,203,2,3,2,225,32,10,25,5,35
2020-03-11,43,6,9,0,56,25,67,240,4,3,2,269,49,9,31,5,44
2020-03-12,54,4,23,0,76,31,90,284,5,3,2,321,58,23,35,5,67
2020-03-13,73,6,13,0,87,34,104,351,5,4,2,397,79,13,41,5,80
2020-03-14,61,3,19,0,105,43,124,391,5,7,5,453,64,19,44,5,99
2020-03-15,69,8,26,1,128,50,152,440,7,7,6,525,77,27,52,6,125
2020-03-16,140,19,33,0,159,56,186,571,12,8,6,678,159,33,71,6,158
2020-03-17,144,13,35,0,189,60,223,657,14,8,9,819,157,35,84,6,193
2020-03-18,171,15,51,0,239,64,278,780,17,12,10,991,186,51,99,6,244
2020-03-19,250,24,58,2,297,70,344,981,25,12,12,1252,274,60,123,8,302
2020-03-20,238,27,82,1,372,71,431,1158,30,14,17,1500,265,83,150,9,384
2020-03-21,199,13,72,3,441,71,513,1241,42,16,26,1686,212,75,163,12,456
2020-03-22,236,18,72,1,491,71,587,1346,48,19,27,1913,254,73,181,13,528
2020-03-23,444,24,98,3,584,71,690,1665,65,22,39,2343,468,101,205,16,626
2020-03-24,420,25,108,1,665,73,804,1917,75,26,44,2752,445,109,230,17,734
2020-03-25,433,22,114,2,763,74,923,2131,88,31,52,3164,455,116,252,19,848
2020-03-26,434,33,103,4,848,74,1036,2326,106,41,55,3588,467,107,285,23,951
2020-03-27,557,35,113,1,935,74,1156,2589,121,47,72,4126,592,114,320,24,1064
2020-03-28,293,25,98,2,999,74,1260,2525,140,51,88,4399,318,100,345,26,1162
2020-03-29,253,18,87,2,1045,74,1352,2479,164,62,99,4627,271,89,363,28,1249
2020-03-30,436,29,126,3,1134,74,1484,2626,184,71,118,5028,465,129,392,31,1375
2020-03-31,308,40,109,1,1199,74,1597,2556,218,89,126,5320,348,110,432,32,1484
2020-04-01,313,38,72,3,1216,75,1671,2460,243,107,136,5626,351,75,470,35,1556
2020-04-02,350,38,90,3,1259,75,1770,2440,265,122,148,5960,388,93,508,38,1646
2020-04-03,332,53,76,0,1286,75,1849,2443,297,143,156,6305,385,76,561,38,1722
2020-04-04,186,24,62,3,1290,74,1915,2236,316,157,173,6475,210,65,585,41,1784
2020-04-05,226,20,73,3,1315,75,1994,2187,339,166,194,6673,246,76,605,44,1857
2020-04-06,324,52,60,1,1323,75,2057,2304,357,190,207,7009,376,61,657,45,1917
2020-04-07,204,51,55,2,1325,76,2117,2167,387,212,240,7228,255,57,708,47,1972
2020-04-08,208,32,55,0,1292,76,2176,2032,404,237,252,7434,240,55,740,47,2027
2020-04-09,187,35,49,1,1287,76,2227,1858,416,265,257,7621,222,50,775,48,2076
2020-04-10,204,38,48,1,1294,75,2278,1770,444,294,264,7831,242,49,813,49,2124
2020-04-11,132,20,26,2,1259,75,2307,1581,459,314,285,7962,152,28,833,51,2150
2020-04-12,135,32,34,1,1241,75,2343,1524,474,332,313,8113,167,35,865,52,2184
2020-04-13,166,31,43,1,1224,75,2388,1517,495,347,338,8278,197,44,896,53,2227
2020-04-14,163,33,34,2,1201,76,2425,1532,505,398,332,8449,196,36,929,55,2261
2020-04-15,118,16,23,1,1176,76,2450,1444,522,454,328,8565,134,24,945,56,2284
2020-04-16,115,22,28,2,1143,76,2480,1332,540,504,313,8680,137,30,967,58,2312
2020-04-17,137,25,25,1,1113,77,2506,1288,558,551,313,8818,162,26,992,59,2337
2020-04-18,78,14,19,0,1067,76,2525,1143,569,574,329,8891,92,19,1006,59,2356
2020-04-19,82,15,19,1,1038,76,2545,1119,588,580,351,8971,97,20,1021,60,2375
2020-04-20,110,23,25,1,1019,76,2572,1160,607,636,335,9078,133,26,1044,61,2400
2020-04-21,116,25,21,0,983,76,2595,1113,628,688,334,9192,141,21,1069,61,2421
2020-04-22,90,22,14,0,926,77,2610,1031,644,734,329,9291,112,14,1091,61,2435
2020-04-23,95,36,16,0,884,77,2626,990,657,781,307,9406,131,16,1127,61,2451
2020-04-24,79,24,17,1,867,76,2645,936,666,843,276,9493,103,18,1151,62,2468
2020-04-25,44,23,13,0,836,76,2659,812,681,860,281,9552,67,13,1174,62,2481
2020-04-26,43,25,13,0,812,76,2672,784,691,869,296,9609,68,13,1199,62,2494
2020-04-27,61,17,14,0,789,76,2686,769,702,879,312,9676,78,14,1216,62,2508
2020-04-28,91,26,14,1,768,76,2702,786,708,930,296,9773,117,15,1242,63,2522
2020-04-29,58,19,11,0,740,76,2714,726,714,966,297,9833,77,11,1261,63,2533
2020-04-30,62,21,17,2,716,76,2733,702,727,1009,282,9905,83,19,1282,65,2550
2020-05-01,52,9,9,0,681,76,2742,647,729,1051,283,9955,61,9,1291,65,2559
2020-05-02,27,13,9,2,643,76,2753,563,738,1066,283,9990,40,11,1304,67,2568
2020-05-03,36,10,10,0,629,76,2764,547,743,1073,297,10027,46,10,1314,67,2578
2020-05-04,58,25,11,2,620,76,2776,595,749,1116,291,10097,83,13,1339,69,2589
2020-05-05,28,8,3,0,578,76,2779,527,754,1130,305,10129,36,3,1347,69,2592
2020-05-06,59,15,5,0,551,73,2785,541,760,1168,295,10193,74,5,1362,69,2597
2020-05-07,46,16,8,1,529,72,2795,517,768,1207,289,10244,62,9,1378,70,2605
2020-05-08,55,25,7,1,498,72,2803,515,772,1243,276,10319,80,8,1403,71,2612
2020-05-09,29,6,5,0,476,72,2808,466,777,1252,284,10350,35,5,1409,71,2617
2020-05-10,25,14,4,1,458,72,2813,451,778,1255,293,10383,39,5,1423,72,2621
2020-05-11,45,20,7,1,452,73,2821,481,785,1295,289,10443,65,8,1443,73,2628
2020-05-12,26,29,2,0,410,71,2823,459,788,1338,266,10494,55,2,1472,73,2630
2020-05-13,38,29,3,1,392,71,2827,443,793,1373,264,10554,67,4,1501,74,2633
2020-05-14,25,19,8,1,366,71,2836,411,797,1400,251,10590,44,9,1520,75,2641
2020-05-15,32,22,3,1,350,71,2841,391,804,1433,232,10638,54,4,1542,76,2644
2020-05-16,17,6,7,1,334,70,2849,344,806,1442,232,10657,23,8,1548,77,2651
2020-05-17,30,12,4,0,327,70,2853,357,807,1446,236,10694,42,4,1560,77,2655
2020-05-18,36,22,4,0,322,70,2857,398,807,1478,239,10748,58,4,1582,77,2659
2020-05-19,18,13,1,1,289,67,2859,377,809,1511,217,10777,31,2,1595,78,2660
2020-05-20,31,17,2,0,279,66,2862,365,815,1541,203,10819,48,2,1612,78,2662
2020-05-21,14,5,2,0,258,66,2864,323,819,1547,209,10833,19,2,1617,78,2664
2020-05-22,32,19,4,0,247,66,2869,351,822,1580,192,10878,51,4,1636,78,2668
2020-05-23,13,8,3,0,231,64,2872,307,823,1583,196,10896,21,3,1644,78,2671
2020-05-24,18,16,7,0,230,64,2879,299,824,1583,206,10921,34,7,1660,78,2678
2020-05-25,35,21,1,0,220,63,2880,334,825,1606,210,10972,56,1,1681,78,2679
2020-05-26,25,13,4,0,197,64,2884,326,829,1626,202,11007,38,4,1694,78,2683
2020-05-27,16,13,3,1,183,60,2888,296,830,1649,187,11032,29,4,1707,79,2686
2020-05-28,17,10,1,0,175,59,2889,275,832,1680,167,11053,27,1,1717,79,2687
2020-05-29,24,14,1,2,165,58,2892,278,835,1701,154,11086,38,3,1731,81,2688
2020-05-30,19,5,3,0,156,56,2895,257,835,1708,148,11107,24,3,1736,81,2691
2020-05-31,12,7,3,0,158,56,2898,249,835,1708,155,11125,19,3,1743,81,2694
2020-06-01,15,7,5,0,156,56,2903,254,838,1708,158,11143,22,5,1750,81,2699
2020-06-02,24,17,1,0,151,56,2904,276,838,1733,151,11179,41,1,1767,81,2700
2020-06-03,17,11,5,0,138,52,2909,267,843,1754,134,11199,28,5,1778,81,2705
2020-06-04,14,17,5,1,136,54,2915,252,846,1774,117,11222,31,6,1795,82,2710
2020-06-05,9,12,3,0,133,52,2918,234,846,1784,110,11240,21,3,1807,82,2713
2020-06-06,4,5,2,0,131,52,2920,196,847,1786,111,11247,9,2,1812,82,2715
2020-06-07,4,11,3,0,130,51,2923,194,847,1788,111,11260,15,3,1823,82,2718
2020-06-08,11,7,0,0,129,51,2924,195,847,1805,103,11278,18,0,1830,82,2718
2020-06-09,9,8,2,0,121,50,2926,174,848,1817,95,11293,17,2,1838,82,2720
2020-06-10,5,6,2,0,118,50,2928,158,849,1829,86,11302,11,2,1844,82,2722
2020-06-11,14,11,1,0,114,50,2929,164,849,1841,79,11323,25,1,1855,82,2723
2020-06-12,8,4,3,0,111,48,2932,156,850,1851,73,11334,12,3,1859,82,2726
2020-06-13,4,5,2,0,109,47,2934,136,851,1851,73,11341,9,2,1864,82,2728
2020-06-14,3,5,0,0,108,46,2934,135,853,1853,71,11349,8,0,1869,82,2728
2020-06-15,5,5,1,0,107,46,2935,138,854,1871,63,11358,10,1,1874,82,2729
2020-06-16,8,8,2,0,98,45,2937,137,857,1876,62,11373,16,2,1882,82,2731
2020-06-17,7,6,0,0,90,43,2937,129,859,1883,60,11384,13,0,1888,82,2731
2020-06-18,4,12,1,0,83,42,2938,131,860,1890,60,11399,16,1,1900,82,2732
2020-06-19,4,8,0,0,78,42,2939,128,861,1898,53,11410,12,0,1908,82,2732
2020-06-20,4,4,2,0,76,42,2941,108,862,1899,56,11415,8,2,1912,82,2734
2020-06-21,5,8,0,0,72,40,2941,109,863,1899,56,11427,13,0,1920,82,2734
2020-06-22,7,8,3,0,74,42,2944,113,864,1904,58,11441,15,3,1928,82,2737
2020-06-23,6,9,1,0,67,39,2945,113,865,1910,56,11451,15,1,1937,82,2738
2020-06-24,5,11,1,0,63,38,2946,111,866,1916,51,11466,16,1,1948,82,2739
2020-06-25,9,8,0,1,62,36,2947,119,866,1922,51,11481,17,1,1956,83,2739
2020-06-26,2,6,0,0,56,33,2947,115,867,1926,51,11487,8,0,1962,83,2739
2020-06-27,2,2,0,0,51,31,2947,94,868,1926,54,11491,4,0,1964,83,2739
2020-06-28,4,5,0,0,47,30,2947,96,868,1926,54,11500,9,0,1969,83,2739
2020-06-29,8,8,0,0,47,30,2947,107,868,1931,51,11513,16,0,1977,83,2739
2020-06-30,2,6,2,0,47,30,2949,92,868,1938,47,11519,8,2,1983,83,2741
2020-07-01,4,5,0,0,43,28,2949,88,868,1943,43,11528,9,0,1988,83,2741
2020-07-02,4,3,2,1,45,31,2952,82,869,1947,41,11532,7,3,1991,84,2743
2020-07-03,7,5,0,0,42,30,2952,83,869,1956,32,11542,12,0,1996,84,2743
2020-07-04,0,3,1,0,43,30,2953,73,869,1956,34,11544,3,1,1999,84,2744
2020-07-05,2,8,0,0,41,28,2953,77,869,1957,34,11552,10,0,2007,84,2744
2020-07-06,2,5,1,0,41,28,2954,81,870,1962,31,11559,7,1,2012,84,2745
2020-07-07,4,4,1,0,39,27,2955,84,871,1964,31,11566,8,1,2016,84,2746
2020-07-08,4,7,2,0,36,27,2957,85,871,1969,27,11576,11,2,2023,84,2748
2020-07-09,6,7,1,0,36,26,2958,87,871,1973,23,11586,13,1,2030,84,2749
2020-07-10,7,6,1,0,37,26,2959,96,871,1973,24,11597,13,1,2036,84,2750
2020-07-11,2,2,0,0,35,24,2959,85,871,1973,24,11600,4,0,2038,84,2750
2020-07-12,3,4,1,0,36,24,2960,86,872,1975,23,11604,7,1,2042,84,2751
2020-07-13,4,5,0,0,35,24,2960,93,873,1976,24,11613,9,0,2047,84,2751
2020-07-14,6,6,0,0,32,24,2960,95,873,1977,24,11624,12,0,2053,84,2751
2020-07-15,2,4,1,0,32,24,2961,86,873,1980,23,11629,6,1,2057,84,2752
2020-07-16,2,8,1,0,31,24,2962,82,873,1984,19,11638,10,1,2065,84,2753
2020-07-17,6,3,0,0,31,23,2962,81,873,1984,20,11646,9,0,2068,84,2753
2020-07-18,6,7,0,0,30,23,2962,85,873,1984,20,11659,13,0,2075,84,2753
2020-07-19,7,3,1,0,31,23,2963,90,873,1984,21,11669,10,1,2078,84,2754
2020-07-20,4,5,0,1,31,24,2964,94,874,1989,17,11677,9,1,2083,85,2754
2020-07-21,6,7,2,2,33,25,2966,95,874,1991,18,11688,13,4,2090,87,2756
2020-07-22,4,1,1,0,33,24,2967,83,875,1994,16,11692,5,1,2091,87,2757
2020-07-23,9,8,1,0,31,23,2968,90,875,1996,16,11708,17,1,2099,87,2758
2020-07-24,10,0,1,0,29,21,2969,86,875,2000,16,11717,10,1,2099,87,2759
2020-07-25,10,3,1,0,26,21,2970,86,875,2001,17,11729,13,1,2102,87,2760
2020-07-26,4,2,1,0,26,21,2972,88,875,2001,17,11733,6,1,2104,87,2761
2020-07-27,6,5,4,0,30,23,2976,96,875,2003,15,11743,11,4,2109,87,2765
2020-07-28,10,3,0,0,30,23,2976,100,875,2004,14,11756,13,0,2112,87,2765
2020-07-29,4,0,0,0,29,23,2976,91,876,2005,14,11759,4,0,2112,87,2765
2020-07-30,15,3,3,0,31,24,2979,95,876,2007,12,11776,18,3,2115,87,2768
2020-07-31,11,1,4,0,34,26,2983,98,878,2007,11,11786,12,4,2116,87,2772
2020-08-01,9,3,2,0,35,26,2985,100,878,2008,11,11797,12,2,2119,87,2774
2020-08-02,10,2,2,0,36,27,2987,108,878,2008,11,11808,12,2,2121,87,2776
2020-08-03,15,4,3,0,39,27,2990,119,878,2008,12,11826,19,3,2125,87,2779
2020-08-04,8,4,3,0,41,29,2993,113,879,2009,13,11836,12,3,2129,87,2782
2020-08-05,8,3,2,0,40,28,2995,109,879,2012,10,11846,11,2,2132,87,2784
2020-08-06,12,2,2,0,42,29,2997,109,880,2013,9,11857,14,2,2134,87,2786
2020-08-07,13,2,1,0,42,29,2998,115,880,2014,8,11872,15,1,2136,87,2787
2020-08-08,16,2,1,0,43,30,2999,121,880,2014,9,11890,18,1,2138,87,2788
2020-08-09,17,4,5,1,48,34,3005,132,882,2015,12,11907,21,6,2142,88,2793
2020-08-10,15,4,4,0,47,34,3009,141,882,2016,12,11926,19,4,2146,88,2797
2020-08-11,26,7,3,1,50,34,3012,161,883,2017,14,11957,33,4,2153,89,2800
2020-08-12,20,1,4,0,50,33,3016,167,883,2018,19,11975,21,4,2154,89,2804
2020-08-13,19,6,4,0,47,33,3020,167,883,2018,20,11997,25,4,2160,89,2808
2020-08-14,12,5,6,0,52,35,3026,164,883,2019,22,12010,17,6,2165,89,2814
2020-08-15,15,4,1,0,50,34,3027,161,884,2019,24,12029,19,1,2169,89,2815
2020-08-16,16,5,4,0,51,35,3031,169,884,2020,23,12048,21,4,2174,89,2819
2020-08-17,18,9,7,2,60,38,3040,187,886,2023,24,12072,27,9,2183,91,2826
2020-08-18,9,1,2,0,55,38,3042,178,886,2027,23,12080,10,2,2184,91,2828
2020-08-19,16,2,3,0,54,37,3045,179,886,2033,21,12094,18,3,2186,91,2831
2020-08-20,25,2,5,0,55,40,3050,190,887,2036,17,12119,27,5,2188,91,2836
2020-08-21,19,10,6,0,59,40,3056,185,888,2039,17,12144,29,6,2198,91,2842
2020-08-22,10,4,0,0,55,38,3056,164,888,2039,19,12158,14,0,2202,91,2842
2020-08-23,14,2,5,0,58,40,3061,166,888,2040,19,12171,16,5,2204,91,2847
2020-08-24,11,6,1,0,58,41,3063,171,889,2041,25,12186,17,1,2210,91,2848
2020-08-25,19,4,3,0,53,36,3066,178,889,2042,26,12206,23,3,2214,91,2851
2020-08-26,12,6,0,0,51,36,3066,167,889,2048,23,12224,18,0,2220,91,2851
2020-08-27,7,1,2,1,51,36,3069,150,889,2052,23,12231,8,3,2221,92,2853
2020-08-28,12,3,1,0,49,37,3071,153,890,2057,19,12244,15,1,2224,92,2854
2020-08-29,2,2,2,0,49,36,3074,135,890,2058,18,12247,4,2,2226,92,2856
2020-08-30,9,2,3,0,54,38,3077,136,891,2058,19,12258,11,3,2228,92,2859
2020-08-31,16,5,1,0,53,37,3078,150,893,2061,19,12278,21,1,2233,92,2860
2020-09-01,14,2,2,0,49,37,3080,149,894,2063,19,12292,16,2,2235,92,2862
2020-09-02,17,9,0,0,47,36,3081,155,894,2065,19,12316,26,0,2244,92,2862
2020-09-03,11,5,4,0,49,33,3085,148,894,2068,16,12329,16,4,2249,92,2866
2020-09-04,16,7,4,0,53,35,3089,157,895,2069,19,12351,23,4,2256,92,2870
2020-09-05,18,2,1,0,49,35,3090,156,895,2070,19,12371,20,1,2258,92,2871
2020-09-06,23,8,4,0,53,36,3094,175,895,2070,20,12396,31,4,2266,92,2875
2020-09-07,29,6,3,0,54,35,3097,196,895,2071,21,12428,35,3,2272,92,2878
2020-09-08,22,5,3,0,55,32,3101,209,896,2071,25,12454,27,3,2277,92,2881
2020-09-09,34,11,2,0,54,32,3104,229,897,2073,24,12498,45,2,2288,92,2883
2020-09-10,18,5,5,0,57,33,3109,225,898,2075,22,12518,23,5,2293,92,2888
2020-09-11,42,5,6,0,62,35,3115,245,898,2076,23,12558,47,6,2298,92,2894
2020-09-12,21,2,6,0,66,37,3121,243,898,2077,24,12579,23,6,2300,92,2900
2020-09-13,25,6,4,0,68,38,3125,256,898,2077,24,12608,31,4,2306,92,2904
2020-09-14,52,8,8,1,78,40,3135,296,899,2080,25,12666,60,9,2314,93,2912
2020-09-15,40,4,5,0,79,40,3140,305,900,2084,26,12707,44,5,2318,93,2917
2020-09-16,48,10,1,0,74,41,3141,333,901,2085,28,12763,58,1,2328,93,2918
2020-09-17,54,10,4,0,74,42,3145,352,901,2090,26,12823,64,4,2338,93,2922
2020-09-18,79,2,6,0,78,41,3152,387,901,2092,26,12894,81,6,2340,93,2928
2020-09-19,59,8,13,0,89,45,3165,408,902,2094,25,12956,67,13,2348,93,2941
2020-09-20,51,2,14,0,102,46,3180,427,903,2094,28,12999,53,14,2350,93,2955
2020-09-21,81,3,11,0,111,47,3193,477,906,2097,25,13078,84,11,2353,93,2966
2020-09-22,70,7,10,0,118,50,3204,509,906,2100,26,13148,77,10,2360,93,2976
2020-09-23,91,6,12,0,126,52,3216,546,907,2105,25,13237,97,12,2366,93,2988
2020-09-24,103,10,10,0,133,56,3227,595,908,2107,26,13344,113,10,2376,93,2998
2020-09-25,92,7,17,0,147,57,3245,623,910,2111,26,13431,99,17,2383,93,3015
2020-09-26,79,3,12,1,152,59,3258,620,911,2112,31,13506,82,13,2386,94,3027
2020-09-27,81,8,17,2,164,59,3277,656,913,2112,38,13585,89,19,2394,96,3044
2020-09-28,111,3,15,0,171,61,3292,708,915,2116,46,13689,114,15,2397,96,3059
2020-09-29,100,8,22,1,180,62,3315,746,917,2119,54,13785,108,23,2405,97,3081
2020-09-30,112,5,15,2,184,62,3332,764,920,2122,58,13894,117,17,2410,99,3096
2020-10-01,105,16,13,1,189,64,3345,793,924,2130,58,14009,121,14,2426,100,3109
2020-10-02,120,6,12,0,189,63,3359,817,924,2134,63,14124,126,12,2432,100,3121
2020-10-03,137,5,18,0,198,67,3378,835,926,2138,67,14254,142,18,2437,100,3139
2020-10-04,103,4,22,0,210,67,3400,876,931,2142,70,14352,107,22,2441,100,3161
2020-10-05,165,5,26,0,224,66,3428,978,934,2146,73,14510,170,26,2446,100,3187
2020-10-06,156,5,32,0,245,68,3461,1026,936,2159,76,14656,161,32,2451,100,3219
2020-10-07,147,4,28,1,258,68,3491,1046,940,2169,77,14796,151,29,2455,101,3247
2020-10-08,156,5,23,0,264,68,3514,1068,943,2175,79,14940,161,23,2460,101,3270
2020-10-09,207,7,27,0,280,69,3541,1144,954,2184,86,15134,214,27,2467,101,3297
2020-10-10,147,5,26,0,279,69,3568,1126,957,2194,85,15270,152,26,2472,101,3323
2020-10-11,156,4,19,0,285,68,3587,1182,964,2199,93,15423,160,19,2476,101,3342
2020-10-12,239,5,38,0,309,68,3629,1331,968,2210,94,15643,244,38,2481,101,3380
2020-10-13,246,11,35,0,328,72,3666,1432,971,2223,93,15877,257,35,2492,101,3415
2020-10-14,203,5,35,0,345,73,3701,1427,977,2230,99,16063,208,35,2497,101,3450
2020-10-15,215,8,36,3,365,73,3739,1456,979,2239,109,16258,223,39,2505,104,3486
2020-10-16,224,7,54,0,403,74,3795,1510,991,2260,109,16460,231,54,2512,104,3540
2020-10-17,212,6,31,0,398,75,3827,1499,997,2266,114,16654,218,31,2518,104,3571
2020-10-18,182,6,40,0,418,74,3867,1529,1002,2271,125,16818,188,40,2524,104,3611
2020-10-19,283,12,57,1,456,75,3927,1684,1007,2282,133,17077,295,58,2536,105,3668
2020-10-20,244,16,48,1,483,74,3978,1744,1015,2299,135,17300,260,49,2552,106,3716
2020-10-21,268,3,49,0,499,75,4028,1774,1025,2312,143,17544,271,49,2555,106,3765
2020-10-22,273,7,42,0,512,74,4071,1840,1033,2334,151,17797,280,42,2562,106,3807
2020-10-23,307,12,48,0,524,74,4122,1921,1051,2352,148,18084,319,48,2574,106,3855
2020-10-24,202,8,37,1,532,74,4163,1847,1059,2363,164,18267,210,38,2582,107,3892
2020-10-25,250,7,48,0,546,73,4211,1918,1074,2374,170,18492,257,48,2589,107,3940
2020-10-26,334,5,58,0,572,75,4269,2077,1080,2391,186,18791,339,58,2594,107,3998
2020-10-27,288,4,49,0,586,76,4321,2084,1092,2418,180,19051,292,49,2598,107,4047
2020-10-28,280,7,52,0,604,76,4375,2070,1098,2440,190,19309,287,52,2605,107,4099
2020-10-29,272,12,44,1,613,76,4421,2042,1107,2461,190,19553,284,45,2617,108,4143
2020-10-30,287,15,39,0,622,74,4464,2068,1119,2484,195,19824,302,39,2632,108,4182
2020-10-31,201,7,47,0,629,75,4513,1995,1136,2493,201,20008,208,47,2639,108,4229
2020-11-01,219,6,41,0,635,77,4556,2017,1146,2501,217,20207,225,41,2645,108,4270
2020-11-02,383,14,59,0,661,77,4617,2231,1156,2527,219,20560,397,59,2659,108,4329
2020-11-03,237,7,31,0,660,77,4652,2178,1167,2553,218,20772,244,31,2666,108,4360
2020-11-04,247,10,39,0,664,76,4692,2118,1180,2582,214,20987,257,39,2676,108,4399
2020-11-05,240,4,35,0,659,76,4729,2041,1196,2614,204,21202,244,35,2680,108,4434
2020-11-06,237,10,35,0,655,76,4764,1962,1211,2640,209,21421,247,35,2690,108,4469
2020-11-07,153,10,36,0,646,76,4803,1816,1224,2649,223,21555,163,36,2700,108,4505
2020-11-08,161,5,43,0,650,76,4847,1801,1235,2660,241,21691,166,43,2705,108,4548
2020-11-09,289,8,41,0,653,77,4889,1940,1248,2694,230,21955,297,41,2713,108,4589
2020-11-10,225,11,36,0,654,77,4928,1880,1263,2723,226,22153,236,36,2724,108,4625
2020-11-11,233,4,35,0,650,77,4964,1835,1274,2752,220,22358,237,35,2728,108,4660
2020-11-12,207,12,39,0,654,77,5005,1790,1286,2779,211,22541,219,39,2740,108,4699
2020-11-13,244,6,31,0,656,77,5036,1769,1301,2818,210,22760,250,31,2746,108,4730
2020-11-14,142,4,22,1,624,77,5059,1638,1312,2825,224,22882,146,23,2750,109,4752
2020-11-15,146,10,34,0,626,76,5093,1632,1330,2833,240,23012,156,34,2760,109,4786
2020-11-16,252,16,36,0,622,76,5129,1779,1346,2859,239,23239,268,36,2776,109,4822
2020-11-17,198,13,26,0,609,76,5159,1752,1363,2891,235,23420,211,26,2789,109,4848
2020-11-18,192,6,30,0,593,76,5191,1694,1375,2917,232,23590,198,30,2795,109,4878
2020-11-19,185,15,36,0,596,76,5230,1629,1388,2945,231,23756,200,36,2810,109,4914
2020-11-20,169,6,27,1,588,76,5261,1544,1402,2973,225,23908,175,28,2816,110,4941
2020-11-21,139,3,20,0,573,76,5281,1447,1415,2980,233,24034,142,20,2819,110,4961
2020-11-22,166,7,24,0,570,76,5307,1481,1429,2987,235,24187,173,24,2826,110,4985
2020-11-23,215,11,25,0,571,76,5332,1611,1445,3016,231,24384,226,25,2837,110,5010
2020-11-24,152,14,34,0,565,76,5368,1565,1459,3045,224,24526,166,34,2851,110,5044
2020-11-25,159,7,39,1,570,77,5407,1493,1473,3071,218,24660,166,40,2858,111,5083
2020-11-26,188,9,30,0,565,76,5437,1502,1487,3092,215,24831,197,30,2867,111,5113
2020-11-27,177,10,16,0,548,75,5454,1489,1495,3123,206,24995,187,16,2877,111,5129
2020-11-28,102,4,22,0,540,75,5476,1392,1509,3131,215,25079,106,22,2881,111,5151
2020-11-29,119,4,17,0,525,75,5495,1399,1519,3135,230,25190,123,17,2885,111,5168
2020-11-30,171,8,23,2,522,75,5521,1486,1531,3159,231,25338,179,25,2893,113,5191
2020-12-01,150,5,29,0,516,75,5553,1442,1542,3179,231,25471,155,29,2898,113,5220
2020-12-02,167,7,28,0,515,75,5582,1409,1554,3201,236,25616,174,28,2905,113,5248
2020-12-03,184,5,30,0,504,75,5613,1415,1562,3217,233,25779,189,30,2910,113,5278
2020-12-04,201,11,30,0,513,76,5646,1445,1573,3248,220,25960,212,30,2921,113,5308
2020-12-05,145,5,25,0,508,76,5672,1397,1583,3252,228,26095,150,25,2926,113,5333
2020-12-06,139,5,27,0,511,76,5700,1437,1593,3258,236,26217,144,27,2931,113,5360
2020-12-07,216,10,20,0,507,75,5721,1546,1601,3281,236,26426,226,20,2941,113,5380
2020-12-08,176,13,38,0,515,75,5761,1531,1614,3310,230,26586,189,38,2954,113,5418
2020-12-09,177,8,31,0,510,76,5795,1515,1625,3338,220,26741,185,31,2962,113,5449
2020-12-10,197,8,33,1,516,76,5830,1516,1634,3358,227,26921,205,34,2970,114,5482
2020-12-11,255,12,35,0,511,76,5866,1590,1642,3378,221,27154,267,35,2982,114,5517
2020-12-12,155,5,22,0,509,75,5888,1568,1649,3386,222,27302,160,22,2987,114,5539
2020-12-13,179,10,40,0,535,75,5932,1622,1657,3388,234,27459,189,40,2997,114,5579
2020-12-14,274,12,22,1,540,75,5957,1791,1664,3417,230,27715,286,23,3009,115,5601
2020-12-15,219,5,45,1,554,76,6003,1785,1671,3437,231,27898,224,46,3014,116,5646
2020-12-16,242,10,37,0,565,76,6040,1814,1686,3463,214,28124,252,37,3024,116,5683
2020-12-17,255,15,49,0,590,76,6089,1863,1695,3489,210,28366,270,49,3039,116,5732
2020-12-18,277,4,34,1,596,77,6126,1908,1702,3512,212,28622,281,35,3043,117,5766
2020-12-19,179,6,43,0,608,77,6171,1814,1714,3516,231,28780,185,43,3049,117,5809
2020-12-20,188,4,53,0,627,77,6226,1827,1730,3525,240,28939,192,53,3053,117,5862
2020-12-21,330,3,30,1,626,76,6260,2014,1742,3553,232,29235,333,31,3056,118,5892
2020-12-22,270,9,41,0,634,76,6303,2036,1752,3581,222,29482,279,41,3065,118,5933
2020-12-23,285,9,45,0,653,77,6353,2063,1763,3605,229,29739,294,45,3074,118,5978
2020-12-24,297,11,44,1,655,78,6400,2091,1776,3637,228,30010,308,45,3085,119,6022
2020-12-25,225,6,37,0,648,78,6439,1994,1790,3643,237,30216,231,37,3091,119,6059
2020-12-26,238,5,41,0,663,78,6484,2038,1799,3649,251,30421,243,41,3096,119,6100
2020-12-27,261,4,43,0,677,78,6528,2130,1813,3655,266,30646,265,43,3100,119,6143
2020-12-28,442,5,64,1,713,78,6598,2411,1824,3678,273,31046,447,65,3105,120,6207
2020-12-29,241,5,60,0,734,78,6659,2396,1832,3699,279,31247,246,60,3110,120,6267
2020-12-30,253,10,46,1,747,78,6707,2353,1844,3725,274,31476,263,47,3120,121,6313
2020-12-31,255,7,36,1,744,77,6747,2275,1859,3745,291,31706,262,37,3127,122,6349
2021-01-01,207,3,40,0,733,77,6788,2126,1869,3759,303,31896,210,40,3130,122,6389
2021-01-02,225,8,38,0,737,77,6828,2181,1883,3767,321,32102,233,38,3138,122,6427
2021-01-03,223,12,43,0,739,77,6872,2212,1899,3778,338,32304,235,43,3150,122,6470
2021-01-04,318,9,58,1,758,77,6932,2335,1912,3803,358,32579,327,59,3159,123,6528
2021-01-05,273,8,48,0,754,78,6986,2308,1932,3840,357,32815,281,48,3167,123,6576
2021-01-06,239,9,45,0,741,78,7032,2255,1944,3879,343,33026,248,45,3176,123,6621
2021-01-07,235,10,34,0,740,78,7069,2206,1965,3915,336,33233,245,34,3186,123,6655
2021-01-08,233,10,37,0,733,78,7111,2160,1987,3950,332,33434,243,37,3196,123,6692
2021-01-09,164,6,31,0,712,78,7142,2002,1999,3959,344,33578,170,31,3202,123,6723
2021-01-10,180,3,32,0,712,77,7175,2006,2006,3969,355,33734,183,32,3205,123,6755
2021-01-11,266,10,36,1,724,78,7214,2144,2024,3999,348,33985,276,37,3215,124,6791
2021-01-12,205,8,41,0,728,78,7259,2086,2032,4040,330,34157,213,41,3223,124,6832
2021-01-13,231,6,39,0,733,77,7298,2034,2047,4068,337,34360,237,39,3229,124,6871
2021-01-14,200,10,35,1,718,78,7333,1979,2055,4101,337,34541,210,36,3239,125,6906
2021-01-15,210,12,34,1,711,78,7370,1960,2068,4131,340,34730,222,35,3251,126,6940
2021-01-16,160,4,26,0,690,77,7397,1849,2078,4136,354,34872,164,26,3255,126,6966
2021-01-17,141,9,38,0,698,77,7435,1804,2083,4142,377,34996,150,38,3264,126,7004
2021-01-18,235,12,41,0,708,77,7477,1927,2099,4171,375,35210,247,41,3276,126,7045
2021-01-19,211,11,29,1,697,77,7509,1924,2108,4207,372,35402,222,30,3287,127,7074
2021-01-20,182,5,34,1,693,76,7544,1855,2120,4239,360,35556,187,35,3292,128,7108
2021-01-21,213,13,41,0,699,76,7585,1850,2135,4270,358,35751,226,41,3305,128,7149
2021-01-22,196,13,34,0,693,76,7621,1841,2147,4306,355,35928,209,34,3318,128,7183
2021-01-23,156,8,32,0,680,76,7654,1777,2156,4320,362,36075,164,32,3326,128,7215
2021-01-24,143,6,26,0,674,76,7680,1789,2168,4325,380,36203,149,26,3332,128,7241
2021-01-25,200,9,53,0,694,76,7734,1881,2181,4360,372,36386,209,53,3341,128,7294
2021-01-26,164,14,33,1,690,76,7770,1837,2197,4387,382,36532,178,34,3355,129,7327
2021-01-27,168,13,29,1,665,77,7800,1778,2211,4415,377,36681,181,30,3368,130,7356
2021-01-28,177,24,40,0,664,76,7840,1761,2219,4438,378,36845,201,40,3392,130,7396
2021-01-29,125,45,25,0,661,76,7867,1755,2232,4459,382,36995,170,25,3437,130,7421
2021-01-30,14,6,5,0,628,76,7874,1633,2232,4459,383,37010,20,5,3443,130,7426
