"date","Hospital_Intake_Proven","Hospital_Intake_Suspected","IC_Intake_Proven","IC_Intake_Suspected","IC_Current","ICs_Used","IC_Cumulative","Hospital_Currently","IC_Deaths_Cumulative","IC_Discharge_Cumulative","IC_Discharge_InHospital","Hospital_Cumulative","Hospital_Intake","IC_Intake","Hosp_Intake_Suspec_Cumul","IC_Intake_Suspected_Cumul","IC_Intake_Proven_Cumsum"
2020-02-27,2,2,1,0,13,9,13,63,0,0,0,66,4,1,2,0,1
2020-02-28,3,0,0,1,14,10,14,66,0,0,0,69,3,1,2,1,1
2020-02-29,1,0,0,0,15,10,15,66,0,0,0,70,1,0,2,1,1
2020-03-01,7,1,2,0,17,11,17,74,0,0,1,78,8,2,3,1,3
2020-03-02,10,1,0,0,16,10,17,85,0,0,1,89,11,0,4,1,3
2020-03-03,8,0,1,0,18,10,19,92,0,0,1,97,8,1,4,1,4
2020-03-04,10,3,3,0,21,12,22,104,0,2,1,110,13,3,7,1,7
2020-03-05,12,1,1,1,21,14,24,114,0,2,1,122,13,2,8,2,8
2020-03-06,19,1,4,0,25,17,28,130,0,2,2,139,20,4,9,2,12
2020-03-07,7,3,3,0,27,17,31,138,0,3,1,147,10,3,12,2,15
2020-03-08,18,4,6,0,33,21,37,156,2,3,1,167,22,6,16,2,21
2020-03-09,27,5,5,2,38,22,45,181,2,3,1,197,32,7,21,4,26
2020-03-10,29,4,9,1,46,24,55,205,2,3,2,227,33,10,25,5,35
2020-03-11,44,5,9,0,54,26,65,241,4,3,2,270,49,9,30,5,44
2020-03-12,54,4,23,0,74,32,88,284,5,3,2,321,58,23,34,5,67
2020-03-13,75,4,13,0,85,35,102,351,5,4,2,397,79,13,38,5,80
2020-03-14,61,3,19,0,103,44,122,391,5,7,5,452,64,19,41,5,99
2020-03-15,69,8,27,1,127,51,151,439,7,7,6,523,77,28,49,6,126
2020-03-16,142,19,32,0,157,57,184,573,12,8,6,678,161,32,68,6,158
2020-03-17,145,12,34,0,186,60,220,658,14,8,9,818,157,34,80,6,192
2020-03-18,177,14,51,0,236,65,275,786,17,12,10,995,191,51,94,6,243
2020-03-19,258,24,59,2,295,70,342,992,25,12,12,1260,282,61,118,8,302
2020-03-20,240,25,82,1,370,71,429,1162,29,14,17,1501,265,83,143,9,384
2020-03-21,200,13,71,3,438,71,510,1243,41,16,27,1683,213,74,156,12,455
2020-03-22,236,18,72,1,487,71,584,1348,47,19,29,1909,254,73,174,13,527
2020-03-23,448,23,97,3,578,71,686,1670,64,22,41,2341,471,100,197,16,624
2020-03-24,426,25,109,1,660,73,801,1923,74,26,46,2751,451,110,222,17,733
2020-03-25,440,22,115,2,759,74,921,2140,87,31,54,3166,462,117,244,19,848
2020-03-26,441,32,104,4,845,74,1035,2338,105,41,57,3591,473,108,276,23,952
2020-03-27,560,34,112,1,931,74,1154,2597,120,47,74,4126,594,113,310,24,1064
2020-03-28,299,25,97,2,994,74,1257,2537,138,51,90,4402,324,99,335,26,1161
2020-03-29,254,18,87,2,1041,74,1349,2489,163,62,103,4626,272,89,353,28,1248
2020-03-30,442,29,124,3,1125,74,1479,2638,183,71,121,5029,471,127,382,31,1372
2020-03-31,309,40,109,1,1191,74,1592,2567,218,89,128,5320,349,110,422,32,1481
2020-04-01,314,37,74,3,1210,75,1668,2469,243,107,139,5624,351,77,459,35,1555
2020-04-02,350,37,90,3,1252,75,1767,2445,264,121,151,5954,387,93,496,38,1645
2020-04-03,335,52,75,0,1279,75,1845,2447,296,142,158,6299,387,75,548,38,1720
2020-04-04,187,24,63,3,1286,74,1912,2239,315,156,175,6468,211,66,572,41,1783
2020-04-05,227,21,73,3,1312,75,1991,2191,338,165,196,6667,248,76,593,44,1856
2020-04-06,325,51,59,1,1319,75,2053,2307,358,188,211,7002,376,60,644,45,1915
2020-04-07,202,51,56,2,1320,76,2115,2164,386,211,242,7216,253,58,695,47,1971
2020-04-08,209,32,54,0,1289,76,2173,2030,403,236,254,7423,241,54,727,47,2025
2020-04-09,187,35,50,1,1284,76,2225,1855,415,263,260,7609,222,51,762,48,2075
2020-04-10,204,38,48,1,1292,75,2276,1767,443,290,268,7819,242,49,800,49,2123
2020-04-11,132,20,27,2,1258,75,2306,1579,458,311,287,7950,152,29,820,51,2150
2020-04-12,136,32,33,1,1240,75,2341,1523,473,329,315,8101,168,34,852,52,2183
2020-04-13,167,31,43,1,1223,75,2386,1518,494,344,339,8268,198,44,883,53,2226
2020-04-14,162,33,34,2,1201,76,2423,1530,505,395,333,8437,195,36,916,55,2260
2020-04-15,118,16,23,1,1175,76,2448,1442,521,452,329,8553,134,24,932,56,2283
2020-04-16,115,22,28,2,1142,76,2478,1330,539,502,315,8668,137,30,954,58,2311
2020-04-17,138,25,25,1,1111,77,2504,1288,557,550,313,8807,163,26,979,59,2336
2020-04-18,79,14,19,0,1066,76,2523,1144,568,573,329,8880,93,19,993,59,2355
2020-04-19,83,15,19,1,1037,76,2543,1120,587,579,351,8961,98,20,1008,60,2374
2020-04-20,112,23,25,1,1018,76,2570,1162,606,635,335,9069,135,26,1031,61,2399
2020-04-21,116,25,21,0,982,76,2593,1114,627,687,334,9182,141,21,1056,61,2420
2020-04-22,90,22,14,0,925,77,2608,1032,643,733,329,9281,112,14,1078,61,2434
2020-04-23,95,36,16,0,883,77,2624,990,655,780,307,9395,131,16,1114,61,2450
2020-04-24,79,24,17,1,867,76,2643,936,664,843,275,9482,103,18,1138,62,2467
2020-04-25,44,22,13,0,836,76,2657,811,680,860,281,9540,66,13,1160,62,2480
2020-04-26,43,24,13,0,810,76,2670,782,689,869,296,9596,67,13,1184,62,2493
2020-04-27,61,17,14,0,788,76,2684,768,700,879,312,9663,78,14,1201,62,2507
2020-04-28,91,25,14,1,767,76,2700,785,706,930,296,9759,116,15,1226,63,2521
2020-04-29,58,18,11,0,739,76,2712,724,712,966,297,9818,76,11,1244,63,2532
2020-04-30,62,19,17,2,715,76,2731,698,725,1009,282,9888,81,19,1263,65,2549
2020-05-01,52,9,9,0,680,76,2740,645,727,1051,283,9938,61,9,1272,65,2558
2020-05-02,27,13,9,2,642,76,2751,563,736,1066,283,9973,40,11,1285,67,2567
2020-05-03,36,9,10,0,628,76,2762,547,741,1073,297,10009,45,10,1294,67,2577
2020-05-04,58,25,11,2,619,76,2774,595,747,1117,290,10079,83,13,1319,69,2588
2020-05-05,28,7,3,0,577,76,2777,526,752,1131,304,10110,35,3,1326,69,2591
2020-05-06,59,15,5,0,550,73,2783,540,758,1169,294,10174,74,5,1341,69,2596
2020-05-07,46,15,8,1,528,72,2793,516,766,1208,288,10224,61,9,1356,70,2604
2020-05-08,55,25,7,1,497,72,2801,514,770,1244,275,10299,80,8,1381,71,2611
2020-05-09,30,5,5,0,475,72,2806,466,775,1253,283,10330,35,5,1386,71,2616
2020-05-10,25,12,4,1,457,72,2811,449,776,1256,292,10360,37,5,1398,72,2620
2020-05-11,45,20,7,1,451,73,2819,480,783,1296,288,10420,65,8,1418,73,2627
2020-05-12,26,20,2,0,409,71,2821,449,786,1339,265,10462,46,2,1438,73,2629
2020-05-13,38,19,3,1,391,71,2825,425,791,1374,263,10512,57,4,1457,74,2632
2020-05-14,25,13,8,1,365,71,2834,391,795,1401,250,10542,38,9,1470,75,2640
2020-05-15,32,14,3,1,349,71,2839,371,802,1434,231,10582,46,4,1484,76,2643
2020-05-16,17,4,7,1,333,70,2847,325,804,1443,231,10599,21,8,1488,77,2650
2020-05-17,30,10,4,0,326,70,2851,339,805,1447,235,10634,40,4,1498,77,2654
2020-05-18,36,12,4,0,321,70,2855,372,805,1479,238,10678,48,4,1510,77,2658
2020-05-19,18,10,1,1,288,67,2857,349,807,1512,216,10704,28,2,1520,78,2659
2020-05-20,31,13,2,0,278,66,2860,336,813,1542,202,10742,44,2,1533,78,2661
2020-05-21,14,5,2,0,257,66,2862,300,817,1548,208,10756,19,2,1538,78,2663
2020-05-22,32,18,4,0,246,66,2867,331,820,1581,191,10800,50,4,1556,78,2667
2020-05-23,13,8,3,0,230,64,2870,293,821,1584,195,10818,21,3,1564,78,2670
2020-05-24,18,15,7,0,229,64,2877,285,822,1584,205,10842,33,7,1579,78,2677
2020-05-25,35,21,1,0,219,63,2878,320,823,1607,209,10893,56,1,1600,78,2678
2020-05-26,25,10,4,0,196,64,2882,313,827,1627,201,10925,35,4,1610,78,2682
2020-05-27,16,10,3,1,182,60,2886,282,828,1650,186,10947,26,4,1620,79,2685
2020-05-28,17,8,1,0,174,59,2887,263,830,1681,166,10966,25,1,1628,79,2686
2020-05-29,24,12,1,2,164,58,2890,266,833,1702,153,10997,36,3,1640,81,2687
2020-05-30,19,5,3,0,155,56,2893,249,833,1709,147,11018,24,3,1645,81,2690
2020-05-31,12,7,3,0,157,56,2896,244,833,1709,154,11036,19,3,1652,81,2693
2020-06-01,15,6,5,0,155,57,2901,248,836,1709,157,11053,21,5,1658,81,2698
2020-06-02,24,17,1,0,150,57,2902,270,836,1734,150,11089,41,1,1675,81,2699
2020-06-03,18,9,5,0,137,54,2907,261,841,1755,133,11107,27,5,1684,81,2704
2020-06-04,14,16,5,1,135,56,2913,247,844,1775,116,11129,30,6,1700,82,2709
2020-06-05,9,12,3,0,132,54,2916,229,844,1785,109,11147,21,3,1712,82,2712
2020-06-06,4,5,2,0,130,54,2918,195,845,1787,110,11154,9,2,1717,82,2714
2020-06-07,4,11,3,0,129,53,2921,194,845,1789,110,11167,15,3,1728,82,2717
2020-06-08,11,6,0,0,128,53,2922,194,845,1806,102,11184,17,0,1734,82,2717
2020-06-09,9,8,2,0,120,52,2924,174,846,1818,94,11199,17,2,1742,82,2719
2020-06-10,5,6,2,0,117,52,2926,158,847,1830,85,11208,11,2,1748,82,2721
2020-06-11,14,10,1,0,113,52,2927,163,847,1842,78,11228,24,1,1758,82,2722
2020-06-12,8,3,3,0,110,50,2930,154,848,1852,72,11238,11,3,1761,82,2725
2020-06-13,4,4,2,0,108,49,2932,135,849,1852,72,11244,8,2,1765,82,2727
2020-06-14,3,5,0,0,107,48,2932,134,851,1854,70,11252,8,0,1770,82,2727
2020-06-15,5,4,1,0,106,48,2933,137,852,1872,62,11260,9,1,1774,82,2728
2020-06-16,8,7,2,0,97,47,2935,137,855,1877,61,11274,15,2,1781,82,2730
2020-06-17,7,6,0,0,89,45,2935,129,857,1884,59,11285,13,0,1787,82,2730
2020-06-18,4,10,1,0,82,44,2936,130,858,1891,60,11298,14,1,1797,82,2731
2020-06-19,4,6,0,0,76,44,2937,126,859,1899,52,11307,10,0,1803,82,2731
2020-06-20,4,4,2,0,75,44,2939,107,860,1900,55,11312,8,2,1807,82,2733
2020-06-21,5,7,0,0,71,42,2939,108,861,1900,55,11323,12,0,1814,82,2733
2020-06-22,7,6,3,0,73,44,2942,111,862,1904,58,11335,13,3,1820,82,2736
2020-06-23,6,9,1,0,66,41,2943,112,863,1911,55,11345,15,1,1829,82,2737
2020-06-24,5,11,1,0,62,40,2944,111,864,1917,50,11360,16,1,1840,82,2738
2020-06-25,9,8,0,1,61,38,2945,119,864,1923,50,11375,17,1,1848,83,2738
2020-06-26,2,6,0,0,55,35,2945,115,865,1927,50,11381,8,0,1854,83,2738
2020-06-27,2,2,0,0,50,33,2945,94,866,1927,53,11385,4,0,1856,83,2738
2020-06-28,4,3,0,0,46,32,2945,95,866,1927,53,11392,7,0,1859,83,2738
2020-06-29,8,5,0,0,46,32,2945,104,866,1932,50,11402,13,0,1864,83,2738
2020-06-30,2,5,2,0,46,32,2947,90,866,1939,46,11407,7,2,1869,83,2740
2020-07-01,4,5,0,0,42,29,2947,88,866,1944,42,11416,9,0,1874,83,2740
2020-07-02,4,2,2,1,44,32,2950,81,867,1948,40,11419,6,3,1876,84,2742
2020-07-03,6,4,0,0,41,31,2950,81,867,1957,31,11427,10,0,1880,84,2742
2020-07-04,0,3,1,0,42,31,2951,72,867,1957,33,11429,3,1,1883,84,2743
2020-07-05,2,7,0,0,40,29,2951,76,867,1958,33,11436,9,0,1890,84,2743
2020-07-06,2,4,1,0,40,29,2952,80,868,1963,30,11442,6,1,1894,84,2744
2020-07-07,4,4,1,0,38,28,2953,83,869,1965,30,11449,8,1,1898,84,2745
2020-07-08,4,3,2,0,35,28,2955,81,869,1970,26,11455,7,2,1901,84,2747
2020-07-09,6,5,1,0,35,27,2956,81,869,1974,22,11463,11,1,1906,84,2748
2020-07-10,7,6,1,0,36,27,2957,91,869,1974,23,11474,13,1,1912,84,2749
2020-07-11,2,2,0,0,34,25,2957,83,869,1974,23,11477,4,0,1914,84,2749
2020-07-12,3,3,1,0,35,25,2958,83,870,1976,22,11480,6,1,1917,84,2750
2020-07-13,4,4,0,0,34,25,2958,89,871,1977,23,11488,8,0,1921,84,2750
2020-07-14,6,4,0,0,31,25,2958,90,871,1978,23,11497,10,0,1925,84,2750
2020-07-15,2,4,1,0,31,25,2959,83,871,1980,23,11502,6,1,1929,84,2751
2020-07-16,2,6,1,0,30,25,2960,79,871,1985,18,11509,8,1,1935,84,2752
2020-07-17,6,1,0,0,30,24,2960,77,871,1985,19,11515,7,0,1936,84,2752
2020-07-18,6,7,0,0,29,24,2960,84,871,1985,19,11528,13,0,1943,84,2752
2020-07-19,7,1,1,0,30,24,2961,88,871,1985,20,11536,8,1,1944,84,2753
2020-07-20,4,4,0,1,30,25,2962,91,872,1990,16,11543,8,1,1948,85,2753
2020-07-21,6,7,2,2,32,26,2964,92,872,1992,17,11554,13,4,1955,87,2755
2020-07-22,4,1,1,0,32,25,2965,81,873,1995,15,11558,5,1,1956,87,2756
2020-07-23,9,6,1,0,30,24,2966,86,873,1997,15,11572,15,1,1962,87,2757
2020-07-24,10,0,1,0,28,22,2967,84,873,2001,15,11581,10,1,1962,87,2758
2020-07-25,10,3,1,0,25,22,2968,87,873,2002,16,11593,13,1,1965,87,2759
2020-07-26,4,2,1,0,25,22,2970,89,873,2002,16,11597,6,1,1967,87,2760
2020-07-27,6,5,4,0,29,24,2974,97,873,2004,14,11607,11,4,1972,87,2764
2020-07-28,10,2,0,0,29,24,2974,100,873,2005,13,11619,12,0,1974,87,2764
2020-07-29,4,0,0,0,28,24,2974,91,874,2006,13,11622,4,0,1974,87,2764
2020-07-30,15,3,3,0,30,25,2977,95,874,2008,11,11639,18,3,1977,87,2767
2020-07-31,11,1,4,0,33,27,2981,99,876,2008,10,11649,12,4,1978,87,2771
2020-08-01,9,3,2,0,34,27,2983,101,876,2009,10,11660,12,2,1981,87,2773
2020-08-02,10,2,2,0,35,27,2985,109,876,2009,10,11671,12,2,1983,87,2775
2020-08-03,15,3,3,0,38,27,2988,119,876,2009,11,11688,18,3,1986,87,2778
2020-08-04,8,3,3,0,40,29,2991,112,877,2010,12,11697,11,3,1989,87,2781
2020-08-05,8,3,2,0,39,28,2993,108,877,2013,9,11707,11,2,1992,87,2783
2020-08-06,12,2,2,0,41,29,2995,108,878,2014,8,11718,14,2,1994,87,2785
2020-08-07,13,2,1,0,41,29,2996,114,878,2015,7,11733,15,1,1996,87,2786
2020-08-08,16,1,1,0,42,30,2997,119,878,2015,8,11750,17,1,1997,87,2787
2020-08-09,18,4,5,1,47,34,3003,131,880,2016,11,11768,22,6,2001,88,2792
2020-08-10,15,4,4,0,46,34,3007,141,880,2017,11,11787,19,4,2005,88,2796
2020-08-11,26,7,3,1,49,34,3010,161,881,2018,13,11818,33,4,2012,89,2799
2020-08-12,20,1,4,0,49,33,3014,167,881,2019,18,11836,21,4,2013,89,2803
2020-08-13,19,4,4,0,46,33,3018,165,881,2019,19,11856,23,4,2017,89,2807
2020-08-14,12,4,6,0,51,35,3024,162,881,2020,21,11868,16,6,2021,89,2813
2020-08-15,15,3,1,0,49,34,3025,158,882,2020,23,11886,18,1,2024,89,2814
2020-08-16,16,5,4,0,50,35,3029,166,882,2021,22,11905,21,4,2029,89,2818
2020-08-17,18,8,7,2,59,38,3038,182,884,2024,23,11928,26,9,2037,91,2825
2020-08-18,11,1,2,0,54,38,3040,177,884,2028,22,11938,12,2,2038,91,2827
2020-08-19,16,2,3,0,53,37,3043,179,884,2034,20,11952,18,3,2040,91,2830
2020-08-20,25,2,6,0,55,40,3049,191,885,2037,16,11976,27,6,2042,91,2836
2020-08-21,19,9,5,0,58,40,3054,185,886,2040,16,12000,28,5,2051,91,2841
2020-08-22,10,4,0,0,54,38,3054,165,886,2040,18,12014,14,0,2055,91,2841
2020-08-23,14,2,5,0,57,40,3059,166,886,2041,18,12026,16,5,2057,91,2846
2020-08-24,11,4,1,0,57,41,3061,170,887,2042,24,12039,15,1,2061,91,2847
2020-08-25,19,4,3,0,52,36,3064,177,887,2043,25,12059,23,3,2065,91,2850
2020-08-26,12,6,0,0,50,36,3064,167,887,2049,22,12077,18,0,2071,91,2850
2020-08-27,7,1,2,1,50,36,3067,151,887,2053,22,12084,8,3,2072,92,2852
2020-08-28,12,2,1,0,48,37,3069,153,888,2058,18,12096,14,1,2074,92,2853
2020-08-29,2,2,2,0,48,36,3072,136,888,2059,17,12099,4,2,2076,92,2855
2020-08-30,9,2,3,0,53,38,3075,137,889,2059,18,12110,11,3,2078,92,2858
2020-08-31,16,3,1,0,52,37,3076,149,891,2062,18,12128,19,1,2081,92,2859
2020-09-01,14,1,2,0,48,38,3078,148,892,2064,18,12141,15,2,2082,92,2861
2020-09-02,17,9,0,0,46,37,3079,155,892,2066,18,12165,26,0,2091,92,2861
2020-09-03,12,4,4,0,48,34,3083,149,892,2069,15,12178,16,4,2095,92,2865
2020-09-04,16,6,4,0,52,36,3087,156,893,2070,18,12198,22,4,2101,92,2869
2020-09-05,18,2,1,0,48,36,3088,156,893,2071,18,12218,20,1,2103,92,2870
2020-09-06,23,7,4,0,52,37,3092,175,893,2071,19,12242,30,4,2110,92,2874
2020-09-07,29,5,3,0,53,36,3095,196,893,2072,20,12273,34,3,2115,92,2877
2020-09-08,22,5,3,0,54,34,3099,209,894,2072,24,12299,27,3,2120,92,2880
2020-09-09,34,10,2,0,53,34,3102,229,895,2074,23,12342,44,2,2130,92,2882
2020-09-10,18,4,5,0,56,35,3107,224,896,2076,21,12361,22,5,2134,92,2887
2020-09-11,42,3,6,0,61,37,3113,243,896,2077,22,12399,45,6,2137,92,2893
2020-09-12,21,1,6,0,65,39,3119,241,896,2078,23,12419,22,6,2138,92,2899
2020-09-13,25,5,4,0,67,40,3123,254,896,2078,23,12447,30,4,2143,92,2903
2020-09-14,52,8,9,1,78,41,3134,294,897,2081,24,12504,60,10,2151,93,2912
2020-09-15,40,3,4,0,78,41,3138,304,898,2085,25,12545,43,4,2154,93,2916
2020-09-16,48,8,1,0,73,42,3139,330,899,2086,27,12599,56,1,2162,93,2917
2020-09-17,54,8,4,0,73,43,3143,348,899,2091,25,12657,62,4,2170,93,2921
2020-09-18,80,2,6,0,77,42,3150,386,899,2093,25,12729,82,6,2172,93,2927
2020-09-19,59,5,14,0,89,46,3164,404,900,2095,24,12786,64,14,2177,93,2941
2020-09-20,51,2,13,0,101,47,3178,424,901,2095,27,12830,53,13,2179,93,2954
2020-09-21,81,3,11,0,110,48,3191,476,904,2098,24,12909,84,11,2182,93,2965
2020-09-22,71,3,10,0,117,51,3202,505,904,2101,25,12977,74,10,2185,93,2975
2020-09-23,91,5,12,0,125,53,3214,542,905,2106,24,13065,96,12,2190,93,2987
2020-09-24,104,8,10,0,132,57,3225,593,906,2108,25,13171,112,10,2198,93,2997
2020-09-25,92,6,17,0,146,58,3243,622,908,2112,25,13257,98,17,2204,93,3014
2020-09-26,79,2,13,0,151,60,3256,618,909,2113,30,13330,81,13,2206,93,3027
2020-09-27,81,5,17,1,162,60,3274,652,911,2113,37,13406,86,18,2211,94,3044
2020-09-28,111,3,15,0,169,61,3289,705,913,2117,44,13510,114,15,2214,94,3059
2020-09-29,100,6,22,1,179,63,3312,742,915,2120,52,13604,106,23,2220,95,3081
2020-09-30,112,3,14,2,182,63,3328,759,918,2123,56,13711,115,16,2223,97,3095
2020-10-01,108,13,14,1,188,65,3342,789,922,2131,56,13826,121,15,2236,98,3109
2020-10-02,120,4,12,0,188,64,3356,811,922,2134,62,13938,124,12,2240,98,3121
2020-10-03,137,5,19,0,197,68,3375,831,924,2138,66,14068,142,19,2245,98,3140
2020-10-04,104,4,22,0,209,68,3397,874,929,2142,69,14168,108,22,2249,98,3162
2020-10-05,165,5,26,0,223,67,3425,977,932,2146,72,14326,170,26,2254,98,3188
2020-10-06,156,3,32,0,244,69,3458,1022,934,2159,75,14469,159,32,2257,98,3220
2020-10-07,147,4,28,1,257,69,3488,1043,938,2169,76,14609,151,29,2261,99,3248
2020-10-08,157,4,22,0,262,69,3510,1067,941,2175,78,14754,161,22,2265,99,3270
2020-10-09,207,6,28,0,279,70,3538,1142,952,2184,85,14946,213,28,2271,99,3298
2020-10-10,147,3,26,0,278,70,3565,1122,955,2194,84,15080,150,26,2274,99,3324
2020-10-11,157,3,19,0,284,69,3584,1179,962,2199,92,15233,160,19,2277,99,3343
2020-10-12,240,3,38,0,308,69,3626,1327,966,2210,93,15451,243,38,2280,99,3381
2020-10-13,246,6,35,0,327,73,3663,1426,969,2223,92,15680,252,35,2286,99,3416
2020-10-14,203,4,35,0,344,73,3698,1421,975,2230,98,15864,207,35,2290,99,3451
2020-10-15,215,7,36,3,364,73,3736,1451,977,2239,108,16059,222,39,2297,102,3487
2020-10-16,225,6,54,0,402,74,3792,1507,989,2260,108,16261,231,54,2303,102,3541
2020-10-17,213,3,30,0,396,75,3823,1494,995,2266,112,16454,216,30,2306,102,3571
2020-10-18,182,5,41,0,418,75,3864,1524,1000,2271,123,16616,187,41,2311,102,3612
2020-10-19,283,11,57,1,456,76,3924,1680,1005,2282,131,16874,294,58,2322,103,3669
2020-10-20,244,15,48,1,483,75,3975,1740,1013,2299,133,17096,259,49,2337,104,3717
2020-10-21,269,3,48,0,498,75,4024,1772,1023,2312,141,17341,272,48,2340,104,3765
2020-10-22,273,5,42,0,511,75,4067,1838,1031,2334,149,17592,278,42,2345,104,3807
2020-10-23,308,11,50,0,525,75,4120,1919,1049,2352,145,17879,319,50,2356,104,3857
2020-10-24,202,7,37,1,533,75,4160,1848,1057,2363,161,18063,209,38,2363,105,3894
2020-10-25,250,7,48,0,547,74,4208,1919,1073,2373,168,18288,257,48,2370,105,3942
2020-10-26,335,3,58,0,572,76,4266,2077,1079,2390,185,18585,338,58,2373,105,4000
2020-10-27,287,3,49,0,586,77,4318,2082,1091,2417,178,18842,290,49,2376,105,4049
2020-10-28,280,7,51,0,604,76,4371,2068,1097,2439,187,19099,287,51,2383,105,4100
2020-10-29,272,10,45,1,615,76,4418,2040,1106,2460,189,19341,282,46,2393,106,4145
2020-10-30,286,13,39,0,622,75,4461,2063,1118,2483,193,19609,299,39,2406,106,4184
2020-10-31,201,6,48,0,631,76,4511,1989,1135,2492,200,19792,207,48,2412,106,4232
2020-11-01,219,3,41,0,636,77,4554,2009,1146,2500,216,19988,222,41,2415,106,4273
2020-11-02,383,12,59,0,661,77,4615,2221,1155,2526,220,20339,395,59,2427,106,4332
2020-11-03,238,5,30,0,658,77,4649,2168,1166,2552,219,20551,243,30,2432,106,4362
2020-11-04,247,6,40,0,663,76,4690,2105,1179,2582,214,20762,253,40,2438,106,4402
2020-11-05,240,4,35,0,658,76,4727,2030,1195,2614,204,20977,244,35,2442,106,4437
2020-11-06,237,9,35,0,654,76,4762,1953,1210,2641,209,21196,246,35,2451,106,4472
2020-11-07,153,9,36,0,645,76,4801,1806,1223,2650,224,21329,162,36,2460,106,4508
2020-11-08,161,2,43,0,649,76,4845,1789,1234,2661,242,21462,163,43,2462,106,4551
2020-11-09,289,6,41,0,652,77,4887,1928,1247,2695,231,21724,295,41,2468,106,4592
2020-11-10,225,8,35,0,652,77,4925,1869,1262,2724,227,21920,233,35,2476,106,4627
2020-11-11,235,3,36,0,649,77,4962,1828,1273,2753,221,22125,238,36,2479,106,4663
2020-11-12,207,9,39,0,653,77,5003,1780,1285,2780,212,22304,216,39,2488,106,4702
2020-11-13,244,6,31,0,655,77,5034,1762,1300,2819,211,22523,250,31,2494,106,4733
2020-11-14,142,3,22,1,623,77,5057,1631,1311,2826,225,22644,145,23,2497,107,4755
2020-11-15,146,9,34,0,625,76,5091,1625,1329,2834,241,22773,155,34,2506,107,4789
2020-11-16,252,16,36,0,621,76,5127,1772,1345,2860,240,23000,268,36,2522,107,4825
2020-11-17,199,11,26,0,608,76,5157,1744,1362,2892,236,23180,210,26,2533,107,4851
2020-11-18,192,6,30,0,592,76,5189,1688,1374,2918,233,23350,198,30,2539,107,4881
2020-11-19,187,13,36,0,595,76,5228,1624,1387,2946,232,23517,200,36,2552,107,4917
2020-11-20,169,5,27,1,587,76,5259,1538,1401,2974,226,23668,174,28,2557,108,4944
2020-11-21,140,2,20,0,572,76,5279,1443,1414,2981,234,23794,142,20,2559,108,4964
2020-11-22,166,7,24,0,569,76,5305,1476,1428,2988,236,23945,173,24,2566,108,4988
2020-11-23,217,8,25,0,570,76,5330,1605,1444,3017,232,24141,225,25,2574,108,5013
2020-11-24,153,13,33,0,563,76,5365,1559,1458,3046,225,24283,166,33,2587,108,5046
2020-11-25,160,5,41,1,570,77,5406,1488,1472,3072,219,24415,165,42,2592,109,5087
2020-11-26,189,7,30,0,565,76,5436,1495,1486,3093,217,24583,196,30,2599,109,5117
2020-11-27,177,10,16,0,548,75,5453,1485,1494,3125,207,24747,187,16,2609,109,5133
2020-11-28,102,3,22,0,540,75,5475,1388,1508,3133,216,24831,105,22,2612,109,5155
2020-11-29,119,3,17,0,525,75,5494,1394,1518,3137,231,24940,122,17,2615,109,5172
2020-11-30,171,6,23,2,522,75,5520,1480,1530,3161,232,25087,177,25,2621,111,5195
2020-12-01,150,3,29,0,515,75,5551,1435,1541,3182,231,25218,153,29,2624,111,5224
2020-12-02,168,5,28,0,514,75,5580,1403,1553,3204,236,25362,173,28,2629,111,5252
2020-12-03,184,4,30,0,503,75,5611,1408,1561,3220,233,25524,188,30,2633,111,5282
2020-12-04,202,11,30,0,514,76,5644,1441,1572,3251,219,25706,213,30,2644,111,5312
2020-12-05,145,5,25,0,509,76,5670,1394,1582,3255,227,25841,150,25,2649,111,5337
2020-12-06,139,5,27,0,512,76,5698,1433,1592,3261,235,25962,144,27,2654,111,5364
2020-12-07,217,9,20,0,508,75,5719,1543,1600,3284,235,26171,226,20,2663,111,5384
2020-12-08,176,8,38,0,517,75,5759,1524,1613,3312,229,26326,184,38,2671,111,5422
2020-12-09,177,6,31,0,512,76,5793,1507,1624,3340,219,26479,183,31,2677,111,5453
2020-12-10,198,6,33,1,518,76,5828,1506,1633,3360,226,26658,204,34,2683,112,5486
2020-12-11,255,11,35,0,513,76,5864,1581,1641,3380,221,26890,266,35,2694,112,5521
2020-12-12,154,3,22,0,510,75,5886,1556,1648,3388,222,27036,157,22,2697,112,5543
2020-12-13,179,10,40,0,535,75,5929,1611,1656,3390,233,27193,189,40,2707,112,5583
2020-12-14,277,12,22,1,540,75,5954,1784,1663,3419,229,27452,289,23,2719,113,5605
2020-12-15,219,5,45,1,554,76,6000,1779,1670,3439,230,27634,224,46,2724,114,5650
2020-12-16,244,8,36,0,564,76,6036,1808,1685,3465,213,27860,252,36,2732,114,5686
2020-12-17,255,13,48,0,588,76,6084,1858,1694,3491,210,28102,268,48,2745,114,5734
2020-12-18,279,4,36,1,595,77,6123,1906,1701,3514,212,28359,283,37,2749,115,5770
2020-12-19,180,6,43,0,607,77,6168,1813,1713,3518,231,28518,186,43,2755,115,5813
2020-12-20,189,4,53,0,626,77,6223,1828,1729,3526,241,28678,193,53,2759,115,5866
2020-12-21,333,3,30,1,625,76,6257,2016,1741,3554,233,28975,336,31,2762,116,5896
2020-12-22,271,8,41,0,633,76,6300,2036,1751,3583,223,29220,279,41,2770,116,5937
2020-12-23,288,9,45,0,652,77,6350,2067,1762,3607,230,29480,297,45,2779,116,5982
2020-12-24,298,12,44,1,654,78,6397,2096,1775,3639,229,29752,310,45,2791,117,6026
2020-12-25,226,6,36,0,646,78,6435,2000,1789,3645,238,29959,232,36,2797,117,6062
2020-12-26,240,5,40,0,660,78,6479,2045,1798,3651,252,30165,245,40,2802,117,6102
2020-12-27,262,3,43,0,674,78,6523,2136,1812,3657,267,30389,265,43,2805,117,6145
2020-12-28,445,5,64,1,710,78,6594,2420,1823,3680,274,30792,450,65,2810,118,6209
2020-12-29,241,4,60,0,732,78,6656,2403,1831,3701,280,30992,245,60,2814,118,6269
2020-12-30,254,10,45,1,744,78,6704,2357,1843,3728,274,31222,264,46,2824,119,6314
2020-12-31,255,7,36,1,741,77,6744,2278,1859,3749,289,31452,262,37,2831,120,6350
2021-01-01,207,3,40,0,730,77,6785,2119,1869,3763,300,31644,210,40,2834,120,6390
2021-01-02,226,5,38,0,733,77,6824,2170,1883,3771,318,31848,231,38,2839,120,6428
2021-01-03,225,11,43,0,735,77,6868,2201,1899,3782,335,32051,236,43,2850,120,6471
2021-01-04,321,7,57,1,753,77,6927,2322,1912,3807,356,32325,328,58,2857,121,6528
2021-01-05,274,8,48,0,749,78,6981,2292,1932,3844,354,32562,282,48,2865,121,6576
2021-01-06,241,9,45,0,736,78,7027,2242,1944,3884,339,32775,250,45,2874,121,6621
2021-01-07,237,9,36,0,737,78,7066,2193,1965,3920,331,32982,246,36,2883,121,6657
2021-01-08,234,9,40,0,733,78,7111,2135,1987,3958,324,33180,243,40,2892,121,6697
2021-01-09,163,5,32,0,713,78,7143,1970,2000,3968,335,33321,168,32,2897,121,6729
2021-01-10,180,3,31,0,711,77,7175,1974,2006,3978,346,33478,183,31,2900,121,6760
2021-01-11,267,9,36,1,724,78,7214,2110,2024,4011,338,33729,276,37,2909,122,6796
2021-01-12,210,7,41,0,728,78,7260,2054,2032,4055,317,33905,217,41,2916,122,6837
2021-01-13,237,6,38,0,732,77,7298,1999,2047,4085,323,34113,243,38,2922,122,6875
2021-01-14,205,9,35,1,717,78,7333,1941,2056,4120,322,34298,214,36,2931,123,6910
2021-01-15,213,12,34,1,709,78,7370,1925,2068,4150,325,34491,225,35,2943,124,6944
2021-01-16,158,2,25,0,689,77,7397,1801,2079,4156,337,34629,160,25,2945,124,6969
2021-01-17,145,6,38,0,697,77,7435,1756,2084,4162,361,34754,151,38,2951,124,7007
2021-01-18,238,10,41,0,706,77,7477,1879,2100,4196,352,34967,248,41,2961,124,7048
2021-01-19,214,7,31,1,698,77,7511,1872,2109,4232,349,35157,221,32,2968,125,7079
2021-01-20,183,5,33,1,692,76,7545,1802,2121,4264,337,35313,188,34,2973,126,7112
2021-01-21,224,11,41,0,698,76,7586,1804,2136,4294,336,35516,235,41,2984,126,7153
2021-01-22,206,13,34,0,692,76,7622,1798,2148,4332,331,35702,219,34,2997,126,7187
2021-01-23,158,4,32,0,679,76,7654,1731,2157,4345,339,35846,162,32,3001,126,7219
2021-01-24,147,2,27,0,675,76,7681,1741,2169,4349,357,35974,149,27,3003,126,7246
2021-01-25,205,5,52,1,697,76,7735,1832,2182,4385,347,36154,210,53,3008,127,7298
2021-01-26,169,9,34,1,693,76,7772,1787,2198,4413,358,36298,178,35,3017,128,7332
2021-01-27,182,8,29,1,667,77,7802,1730,2212,4441,356,36455,190,30,3025,129,7361
2021-01-28,205,6,42,1,666,76,7845,1704,2221,4466,357,36628,211,43,3031,130,7403
2021-01-29,216,8,28,0,663,77,7874,1721,2238,4492,362,36827,224,28,3039,130,7431
2021-01-30,127,3,30,0,648,77,7905,1646,2245,4503,363,36935,130,30,3042,130,7461
2021-01-31,146,9,35,2,665,77,7943,1684,2256,4507,375,37060,155,37,3051,132,7496
2021-02-01,226,13,29,1,670,77,7974,1792,2268,4541,375,37255,239,30,3064,133,7525
2021-02-02,176,8,28,0,651,77,8002,1759,2284,4568,378,37416,184,28,3072,133,7553
2021-02-03,164,11,29,0,635,77,8031,1700,2294,4612,373,37567,175,29,3083,133,7582
2021-02-04,189,13,24,0,609,77,8056,1678,2303,4648,371,37740,202,24,3096,133,7606
2021-02-05,175,17,18,0,579,76,8074,1679,2317,4684,369,37917,192,18,3113,133,7624
2021-02-06,129,3,20,0,552,76,8094,1565,2329,4692,384,38034,132,20,3116,133,7644
2021-02-07,112,6,21,0,539,76,8116,1550,2337,4697,392,38126,118,21,3122,133,7665
2021-02-08,186,10,31,0,551,77,8149,1657,2339,4732,378,38291,196,31,3132,133,7696
2021-02-09,179,17,18,3,550,77,8170,1640,2351,4772,355,38472,196,21,3149,136,7714
2021-02-10,177,17,30,2,551,76,8202,1637,2361,4806,343,38634,194,32,3166,138,7744
2021-02-11,153,23,28,2,548,74,8233,1617,2369,4838,341,38782,176,30,3189,140,7772
2021-02-12,140,28,28,0,539,74,8263,1594,2379,4862,335,38924,168,28,3217,140,7800
2021-02-13,72,33,15,0,528,74,8280,1538,2385,4868,340,39018,105,15,3250,140,7815
2021-02-14,16,17,8,2,520,74,8290,1486,2386,4868,342,39045,33,10,3267,142,7823
