"date","Hospital_Intake_Proven","Hospital_Intake_Suspected","IC_Intake_Proven","IC_Intake_Suspected","IC_Current","ICs_Used","IC_Cumulative","Hospital_Currently","IC_Deaths_Cumulative","IC_Discharge_Cumulative","IC_Discharge_InHospital","Hospital_Cumulative","Hospital_Intake","IC_Intake","Hosp_Intake_Suspec_Cumul","IC_Intake_Suspected_Cumul","IC_Intake_Proven_Cumsum"
2020-02-27,2,2,1,0,13,9,13,62,0,0,0,65,4,1,2,0,1
2020-02-28,4,0,0,1,14,10,14,66,0,0,0,69,4,1,2,1,1
2020-02-29,1,0,0,0,15,10,15,66,0,0,0,70,1,0,2,1,1
2020-03-01,7,1,2,0,17,11,17,73,0,0,1,77,8,2,3,1,3
2020-03-02,10,1,0,0,16,10,17,84,0,0,1,88,11,0,4,1,3
2020-03-03,8,0,1,0,18,10,19,91,0,0,1,96,8,1,4,1,4
2020-03-04,10,3,3,0,21,12,22,103,0,2,1,109,13,3,7,1,7
2020-03-05,12,1,1,1,21,14,24,113,0,2,1,121,13,2,8,2,8
2020-03-06,19,1,4,0,24,17,28,129,0,2,2,138,20,4,9,2,12
2020-03-07,7,3,3,0,26,17,31,137,0,3,1,146,10,3,12,2,15
2020-03-08,18,4,5,0,32,21,36,155,2,3,1,166,22,5,16,2,20
2020-03-09,28,5,5,2,38,22,44,181,2,3,1,197,33,7,21,4,25
2020-03-10,29,4,9,1,46,24,54,205,2,3,2,227,33,10,25,5,34
2020-03-11,44,5,9,0,54,26,64,241,4,3,2,270,49,9,30,5,43
2020-03-12,54,4,23,0,74,32,87,284,5,3,2,321,58,23,34,5,66
2020-03-13,75,4,13,0,85,35,101,351,5,4,2,397,79,13,38,5,79
2020-03-14,61,3,19,0,103,44,121,391,5,7,5,452,64,19,41,5,98
2020-03-15,69,8,27,1,127,51,150,439,7,7,6,523,77,28,49,6,125
2020-03-16,142,19,32,0,157,57,183,572,12,8,6,677,161,32,68,6,157
2020-03-17,145,12,33,0,185,60,218,657,14,8,9,817,157,33,80,6,190
2020-03-18,177,14,52,0,236,65,274,785,17,12,10,994,191,52,94,6,242
2020-03-19,260,24,60,2,296,70,342,993,25,12,12,1261,284,62,118,8,302
2020-03-20,241,25,78,1,367,71,425,1166,29,14,17,1505,266,79,143,9,380
2020-03-21,202,13,73,3,438,70,509,1245,41,16,27,1685,215,76,156,12,453
2020-03-22,238,18,73,1,488,71,584,1350,47,18,30,1911,256,74,174,13,526
2020-03-23,449,23,96,3,578,71,685,1672,64,21,42,2343,472,99,197,16,622
2020-03-24,427,25,108,1,659,73,799,1924,74,25,47,2752,452,109,222,17,730
2020-03-25,441,22,116,2,759,74,920,2142,85,31,54,3167,463,118,244,19,846
2020-03-26,441,32,105,4,846,74,1035,2337,103,41,57,3590,473,109,276,23,951
2020-03-27,562,34,110,1,930,74,1152,2599,117,47,74,4128,596,111,310,24,1061
2020-03-28,301,25,98,2,994,74,1256,2539,135,51,91,4404,326,100,335,26,1159
2020-03-29,256,17,88,2,1041,74,1349,2491,160,62,104,4628,273,90,352,28,1247
2020-03-30,442,29,123,3,1124,74,1478,2638,180,71,121,5029,471,126,381,31,1370
2020-03-31,309,40,109,1,1191,74,1591,2566,214,88,130,5319,349,110,421,32,1479
2020-04-01,316,36,74,2,1208,75,1667,2469,238,106,141,5624,352,76,457,34,1553
2020-04-02,350,37,91,3,1252,75,1767,2446,260,121,151,5954,387,94,494,37,1644
2020-04-03,337,52,74,0,1279,75,1844,2451,292,142,158,6302,389,74,546,37,1718
2020-04-04,187,24,63,3,1286,74,1911,2240,311,156,175,6468,211,66,570,40,1781
2020-04-05,229,21,73,3,1312,75,1990,2192,334,165,196,6667,250,76,591,43,1854
2020-04-06,329,51,59,1,1319,75,2052,2312,354,188,211,7006,380,60,642,44,1913
2020-04-07,203,51,56,2,1320,76,2114,2170,382,211,242,7221,254,58,693,46,1969
2020-04-08,209,32,54,0,1289,76,2172,2032,399,236,254,7424,241,54,725,46,2023
2020-04-09,187,35,50,1,1284,76,2224,1856,411,263,260,7609,222,51,760,47,2073
2020-04-10,204,38,48,1,1292,75,2275,1768,439,290,268,7819,242,49,798,48,2121
2020-04-11,133,20,27,2,1258,75,2305,1580,454,311,287,7950,153,29,818,50,2148
2020-04-12,136,32,33,1,1240,75,2340,1523,469,329,315,8100,168,34,850,51,2181
2020-04-13,167,31,43,1,1223,75,2385,1517,490,344,339,8266,198,44,881,52,2224
2020-04-14,162,33,34,2,1201,76,2422,1529,501,395,332,8435,195,36,914,54,2258
2020-04-15,118,16,23,1,1176,76,2447,1441,517,450,330,8551,134,24,930,55,2281
2020-04-16,118,22,28,2,1143,76,2477,1332,535,500,316,8669,140,30,952,57,2309
2020-04-17,138,25,25,1,1112,77,2503,1289,553,548,314,8807,163,26,977,58,2334
2020-04-18,80,14,19,0,1067,76,2522,1146,564,571,330,8881,94,19,991,58,2353
2020-04-19,83,15,19,1,1038,76,2542,1121,583,577,353,8961,98,20,1006,59,2372
2020-04-20,113,23,25,1,1018,76,2569,1163,602,630,340,9069,136,26,1029,60,2397
2020-04-21,117,25,21,0,982,76,2592,1115,622,683,338,9182,142,21,1054,60,2418
2020-04-22,90,22,14,0,925,77,2607,1032,639,729,333,9280,112,14,1076,60,2432
2020-04-23,95,36,16,0,884,77,2623,990,651,776,311,9394,131,16,1112,60,2448
2020-04-24,79,24,17,1,867,76,2642,935,662,841,277,9480,103,18,1136,61,2465
2020-04-25,44,22,13,0,836,76,2656,810,678,857,284,9538,66,13,1158,61,2478
2020-04-26,43,24,13,0,810,76,2669,781,687,867,298,9594,67,13,1182,61,2491
2020-04-27,61,17,14,0,788,76,2683,767,698,876,315,9661,78,14,1199,61,2505
2020-04-28,91,25,14,1,767,76,2699,784,704,927,299,9757,116,15,1224,62,2519
2020-04-29,59,18,11,0,739,76,2711,724,710,964,299,9817,77,11,1242,62,2530
2020-04-30,63,19,17,2,715,76,2730,699,723,1006,285,9888,82,19,1261,64,2547
2020-05-01,52,9,9,0,680,76,2739,646,725,1045,289,9938,61,9,1270,64,2556
2020-05-02,27,13,9,2,642,76,2750,563,734,1060,289,9972,40,11,1283,66,2565
2020-05-03,36,9,10,0,628,76,2761,546,739,1067,303,10007,45,10,1292,66,2575
2020-05-04,59,25,11,2,619,76,2773,595,745,1110,297,10078,84,13,1317,68,2586
2020-05-05,28,7,3,0,577,76,2776,526,750,1125,310,10109,35,3,1324,68,2589
2020-05-06,60,15,5,0,550,73,2782,541,756,1162,301,10174,75,5,1339,68,2594
2020-05-07,46,15,8,1,528,72,2792,517,764,1202,294,10224,61,9,1354,69,2602
2020-05-08,55,25,7,1,497,72,2800,513,768,1240,279,10297,80,8,1379,70,2609
2020-05-09,30,5,5,0,475,72,2805,465,773,1248,288,10328,35,5,1384,70,2614
2020-05-10,25,12,4,1,457,72,2810,448,774,1251,297,10358,37,5,1396,71,2618
2020-05-11,45,20,7,1,451,73,2818,479,781,1292,292,10418,65,8,1416,72,2625
2020-05-12,27,20,2,0,409,71,2820,449,784,1334,269,10461,47,2,1436,72,2627
2020-05-13,38,19,3,1,392,71,2824,425,789,1369,267,10511,57,4,1455,73,2630
2020-05-14,25,13,8,1,366,71,2833,390,793,1396,253,10540,38,9,1468,74,2638
2020-05-15,32,14,3,1,351,71,2838,370,800,1431,232,10580,46,4,1482,75,2641
2020-05-16,18,4,7,1,335,70,2846,325,802,1440,232,10598,22,8,1486,76,2648
2020-05-17,30,10,4,0,328,70,2850,339,803,1444,236,10633,40,4,1496,76,2652
2020-05-18,36,12,4,0,323,70,2854,371,803,1477,238,10676,48,4,1508,76,2656
2020-05-19,18,10,1,1,290,67,2856,348,805,1509,217,10702,28,2,1518,77,2657
2020-05-20,31,13,2,0,280,66,2859,335,811,1539,203,10740,44,2,1531,77,2659
2020-05-21,14,5,2,0,259,66,2861,299,815,1544,209,10754,19,2,1536,77,2661
2020-05-22,32,18,3,0,248,65,2865,330,818,1577,192,10798,50,3,1554,77,2664
2020-05-23,13,8,4,0,233,64,2869,292,819,1580,196,10816,21,4,1562,77,2668
2020-05-24,18,15,7,0,232,64,2876,284,820,1580,206,10840,33,7,1577,77,2675
2020-05-25,35,21,1,0,222,64,2877,319,821,1603,210,10891,56,1,1598,77,2676
2020-05-26,25,10,4,0,199,65,2881,312,825,1624,201,10923,35,4,1608,77,2680
2020-05-27,16,10,3,1,185,61,2885,281,826,1647,186,10945,26,4,1618,78,2683
2020-05-28,17,8,1,0,177,60,2886,262,828,1678,166,10964,25,1,1626,78,2684
2020-05-29,24,12,1,2,167,59,2889,265,831,1699,153,10995,36,3,1638,80,2685
2020-05-30,19,5,3,0,158,58,2892,248,831,1706,147,11016,24,3,1643,80,2688
2020-05-31,12,7,3,0,160,58,2895,243,831,1706,154,11034,19,3,1650,80,2691
2020-06-01,15,6,5,0,158,59,2900,247,834,1706,157,11051,21,5,1656,80,2696
2020-06-02,24,17,1,0,153,59,2901,269,834,1730,151,11087,41,1,1673,80,2697
2020-06-03,19,9,5,0,140,56,2906,261,839,1751,134,11106,28,5,1682,80,2702
2020-06-04,14,16,5,1,138,57,2912,246,842,1771,117,11127,30,6,1698,81,2707
2020-06-05,9,12,3,0,135,55,2915,228,842,1782,109,11145,21,3,1710,81,2710
2020-06-06,4,5,2,0,133,55,2917,194,843,1784,110,11152,9,2,1715,81,2712
2020-06-07,4,11,3,0,132,55,2920,193,843,1786,110,11165,15,3,1726,81,2715
2020-06-08,11,6,0,0,131,55,2921,193,843,1803,102,11182,17,0,1732,81,2715
2020-06-09,9,8,2,0,123,54,2923,173,844,1816,94,11197,17,2,1740,81,2717
2020-06-10,5,6,2,0,119,53,2925,157,845,1828,85,11206,11,2,1746,81,2719
2020-06-11,14,10,1,0,115,53,2926,162,845,1840,78,11226,24,1,1756,81,2720
2020-06-12,8,3,3,0,112,51,2929,153,846,1850,72,11236,11,3,1759,81,2723
2020-06-13,4,4,2,0,110,50,2931,134,847,1850,72,11242,8,2,1763,81,2725
2020-06-14,3,5,0,0,109,49,2931,133,849,1852,70,11250,8,0,1768,81,2725
2020-06-15,5,4,1,0,108,49,2932,136,850,1870,62,11258,9,1,1772,81,2726
2020-06-16,8,7,2,0,99,48,2934,136,853,1875,62,11272,15,2,1779,81,2728
2020-06-17,7,6,0,0,90,46,2934,128,855,1882,60,11283,13,0,1785,81,2728
2020-06-18,4,10,1,0,83,45,2935,129,856,1889,61,11296,14,1,1795,81,2729
2020-06-19,4,6,0,0,77,45,2936,125,857,1897,53,11305,10,0,1801,81,2729
2020-06-20,4,4,2,0,76,45,2938,106,858,1898,56,11310,8,2,1805,81,2731
2020-06-21,5,7,0,0,72,43,2938,107,859,1898,56,11321,12,0,1812,81,2731
2020-06-22,7,6,3,0,74,45,2941,110,860,1902,59,11333,13,3,1818,81,2734
2020-06-23,6,9,1,0,67,42,2942,111,861,1909,56,11343,15,1,1827,81,2735
2020-06-24,5,11,1,0,63,41,2943,110,862,1915,51,11358,16,1,1838,81,2736
2020-06-25,9,8,0,1,62,39,2944,118,862,1921,51,11373,17,1,1846,82,2736
2020-06-26,2,6,0,0,56,36,2944,114,863,1925,51,11379,8,0,1852,82,2736
2020-06-27,2,2,0,0,51,34,2944,93,864,1925,54,11383,4,0,1854,82,2736
2020-06-28,5,3,0,0,47,33,2944,95,864,1925,54,11391,8,0,1857,82,2736
2020-06-29,8,5,0,0,47,33,2944,104,864,1930,51,11401,13,0,1862,82,2736
2020-06-30,2,5,2,0,47,33,2946,89,864,1937,47,11405,7,2,1867,82,2738
2020-07-01,4,5,0,0,43,30,2946,87,864,1942,43,11414,9,0,1872,82,2738
2020-07-02,4,2,2,1,45,33,2949,80,865,1946,41,11417,6,3,1874,83,2740
2020-07-03,6,4,0,0,42,32,2949,80,865,1956,31,11425,10,0,1878,83,2740
2020-07-04,0,3,1,0,43,32,2950,71,865,1956,33,11427,3,1,1881,83,2741
2020-07-05,2,7,0,0,41,30,2950,75,865,1957,33,11434,9,0,1888,83,2741
2020-07-06,2,4,1,0,41,30,2951,79,866,1962,30,11440,6,1,1892,83,2742
2020-07-07,4,4,1,0,39,29,2952,82,867,1964,30,11447,8,1,1896,83,2743
2020-07-08,4,3,2,0,36,29,2954,80,867,1969,26,11453,7,2,1899,83,2745
2020-07-09,6,5,1,0,36,28,2955,80,867,1973,22,11461,11,1,1904,83,2746
2020-07-10,7,6,1,0,37,28,2956,90,867,1973,23,11472,13,1,1910,83,2747
2020-07-11,2,2,0,0,35,26,2956,82,867,1973,23,11475,4,0,1912,83,2747
2020-07-12,3,3,1,0,36,26,2957,82,868,1975,22,11478,6,1,1915,83,2748
2020-07-13,4,4,0,0,35,26,2957,88,869,1976,23,11486,8,0,1919,83,2748
2020-07-14,6,4,0,0,32,26,2957,89,869,1977,23,11495,10,0,1923,83,2748
2020-07-15,2,4,1,0,32,26,2958,82,869,1979,23,11500,6,1,1927,83,2749
2020-07-16,2,6,1,0,31,26,2959,78,869,1984,18,11507,8,1,1933,83,2750
2020-07-17,6,1,0,0,31,25,2959,76,869,1984,19,11513,7,0,1934,83,2750
2020-07-18,6,7,0,0,30,25,2959,83,869,1984,19,11526,13,0,1941,83,2750
2020-07-19,7,1,1,0,31,25,2960,87,869,1984,20,11534,8,1,1942,83,2751
2020-07-20,4,4,0,1,31,26,2961,90,870,1989,16,11541,8,1,1946,84,2751
2020-07-21,6,7,2,2,33,27,2963,91,870,1991,17,11552,13,4,1953,86,2753
2020-07-22,4,1,1,0,33,26,2964,80,871,1995,15,11556,5,1,1954,86,2754
2020-07-23,9,6,1,0,30,24,2965,85,871,1997,15,11570,15,1,1960,86,2755
2020-07-24,10,0,1,0,28,22,2966,83,871,2001,15,11579,10,1,1960,86,2756
2020-07-25,10,3,1,0,25,22,2967,86,871,2002,16,11591,13,1,1963,86,2757
2020-07-26,4,2,2,0,26,23,2970,88,871,2002,16,11595,6,2,1965,86,2759
2020-07-27,6,5,3,0,29,24,2973,96,871,2004,14,11605,11,3,1970,86,2762
2020-07-28,10,2,0,0,29,24,2973,99,871,2005,13,11617,12,0,1972,86,2762
2020-07-29,4,0,0,0,28,24,2973,90,872,2006,13,11620,4,0,1972,86,2762
2020-07-30,15,3,3,0,30,25,2976,94,872,2008,11,11637,18,3,1975,86,2765
2020-07-31,11,1,4,0,33,27,2980,98,874,2008,10,11647,12,4,1976,86,2769
2020-08-01,9,3,2,0,34,27,2982,100,874,2009,10,11658,12,2,1979,86,2771
2020-08-02,10,2,2,0,35,27,2984,108,874,2009,10,11669,12,2,1981,86,2773
2020-08-03,15,3,3,0,38,27,2987,118,874,2009,11,11686,18,3,1984,86,2776
2020-08-04,8,3,3,0,40,29,2990,111,875,2010,12,11695,11,3,1987,86,2779
2020-08-05,8,3,2,0,39,28,2992,107,875,2013,9,11705,11,2,1990,86,2781
2020-08-06,12,2,2,0,41,29,2994,107,876,2014,8,11716,14,2,1992,86,2783
2020-08-07,13,2,1,0,41,29,2995,113,876,2015,7,11731,15,1,1994,86,2784
2020-08-08,16,1,1,0,42,30,2996,118,876,2015,8,11748,17,1,1995,86,2785
2020-08-09,18,4,5,1,47,34,3002,130,878,2016,11,11766,22,6,1999,87,2790
2020-08-10,15,4,4,0,46,34,3006,140,878,2017,11,11785,19,4,2003,87,2794
2020-08-11,27,7,3,1,49,34,3009,161,879,2018,13,11817,34,4,2010,88,2797
2020-08-12,20,1,4,0,49,33,3013,166,879,2019,18,11834,21,4,2011,88,2801
2020-08-13,19,4,4,0,46,33,3017,164,879,2019,19,11854,23,4,2015,88,2805
2020-08-14,12,4,6,0,51,35,3023,161,879,2020,21,11866,16,6,2019,88,2811
2020-08-15,15,3,1,0,49,34,3024,157,880,2020,23,11884,18,1,2022,88,2812
2020-08-16,16,5,4,0,50,35,3028,165,880,2021,22,11903,21,4,2027,88,2816
2020-08-17,19,8,7,2,59,38,3037,182,882,2024,23,11927,27,9,2035,90,2823
2020-08-18,11,1,2,0,54,38,3039,177,882,2028,22,11937,12,2,2036,90,2825
2020-08-19,16,2,3,0,53,37,3042,179,882,2034,20,11951,18,3,2038,90,2828
2020-08-20,25,2,6,0,55,40,3048,190,883,2037,16,11974,27,6,2040,90,2834
2020-08-21,19,9,5,0,58,40,3053,184,884,2040,16,11998,28,5,2049,90,2839
2020-08-22,10,4,0,0,54,38,3053,164,884,2040,18,12012,14,0,2053,90,2839
2020-08-23,14,2,5,0,56,40,3058,165,884,2041,18,12024,16,5,2055,90,2844
2020-08-24,11,4,1,0,56,41,3060,169,885,2042,24,12037,15,1,2059,90,2845
2020-08-25,19,4,3,0,51,36,3063,176,885,2043,25,12057,23,3,2063,90,2848
2020-08-26,12,6,0,0,49,36,3063,166,885,2049,22,12075,18,0,2069,90,2848
2020-08-27,7,1,2,1,49,36,3066,150,885,2053,22,12082,8,3,2070,91,2850
2020-08-28,12,2,1,0,47,37,3068,152,886,2058,18,12094,14,1,2072,91,2851
2020-08-29,2,2,2,0,47,36,3071,135,886,2059,17,12097,4,2,2074,91,2853
2020-08-30,9,2,3,0,52,38,3074,136,887,2059,18,12108,11,3,2076,91,2856
2020-08-31,16,3,1,0,51,37,3075,148,889,2062,18,12126,19,1,2079,91,2857
2020-09-01,14,1,2,0,47,38,3077,147,890,2064,18,12139,15,2,2080,91,2859
2020-09-02,17,9,0,0,45,37,3078,154,890,2066,18,12163,26,0,2089,91,2859
2020-09-03,12,4,4,0,47,34,3082,148,890,2069,15,12176,16,4,2093,91,2863
2020-09-04,17,6,4,0,51,36,3086,156,891,2070,18,12197,23,4,2099,91,2867
2020-09-05,18,2,1,0,47,35,3087,155,891,2070,19,12216,20,1,2101,91,2868
2020-09-06,23,7,4,0,51,36,3091,174,891,2070,20,12240,30,4,2108,91,2872
2020-09-07,29,5,3,0,52,36,3094,195,891,2071,22,12271,34,3,2113,91,2875
2020-09-08,23,5,2,0,51,33,3097,209,892,2071,25,12298,28,2,2118,91,2877
2020-09-09,34,10,3,0,52,34,3101,228,893,2073,24,12340,44,3,2128,91,2880
2020-09-10,18,4,5,0,55,34,3106,223,894,2075,22,12359,22,5,2132,91,2885
2020-09-11,42,3,6,0,60,36,3112,242,894,2077,22,12397,45,6,2135,91,2891
2020-09-12,21,1,6,0,64,38,3118,240,894,2078,23,12417,22,6,2136,91,2897
2020-09-13,25,5,4,0,66,39,3122,253,894,2078,23,12445,30,4,2141,91,2901
2020-09-14,52,8,9,1,77,41,3133,293,895,2081,24,12502,60,10,2149,92,2910
2020-09-15,40,3,4,0,77,41,3137,303,896,2085,25,12543,43,4,2152,92,2914
2020-09-16,48,8,1,0,72,42,3138,329,897,2086,27,12597,56,1,2160,92,2915
2020-09-17,54,8,4,0,72,43,3142,347,897,2091,25,12655,62,4,2168,92,2919
2020-09-18,80,2,6,0,76,42,3149,385,897,2093,25,12727,82,6,2170,92,2925
2020-09-19,59,5,14,0,89,46,3163,403,898,2095,24,12784,64,14,2175,92,2939
2020-09-20,51,2,12,0,100,47,3176,423,899,2095,27,12828,53,12,2177,92,2951
2020-09-21,81,3,11,0,109,49,3189,475,902,2098,24,12907,84,11,2180,92,2962
2020-09-22,71,3,10,0,116,52,3200,504,902,2101,25,12975,74,10,2183,92,2972
2020-09-23,92,5,13,0,125,54,3213,542,903,2106,24,13064,97,13,2188,92,2985
2020-09-24,104,8,10,0,132,57,3224,592,904,2108,25,13169,112,10,2196,92,2995
2020-09-25,92,6,17,0,146,58,3242,621,906,2112,25,13255,98,17,2202,92,3012
2020-09-26,79,2,13,0,151,60,3255,617,907,2113,30,13328,81,13,2204,92,3025
2020-09-27,81,5,17,1,162,60,3273,651,909,2113,37,13404,86,18,2209,93,3042
2020-09-28,111,3,15,0,169,61,3288,704,911,2117,44,13508,114,15,2212,93,3057
2020-09-29,100,6,22,1,179,63,3311,741,913,2120,52,13602,106,23,2218,94,3079
2020-09-30,112,3,14,2,182,63,3327,758,916,2123,56,13709,115,16,2221,96,3093
2020-10-01,108,13,14,1,188,65,3341,788,920,2131,56,13824,121,15,2234,97,3107
2020-10-02,122,4,12,0,188,64,3355,812,920,2134,62,13938,126,12,2238,97,3119
2020-10-03,137,5,19,0,197,68,3374,832,922,2138,66,14068,142,19,2243,97,3138
2020-10-04,104,4,22,0,209,68,3396,875,927,2142,69,14168,108,22,2247,97,3160
2020-10-05,165,5,26,0,223,67,3424,978,930,2146,72,14326,170,26,2252,97,3186
2020-10-06,156,3,32,0,244,69,3457,1022,932,2159,75,14468,159,32,2255,97,3218
2020-10-07,148,4,28,1,257,69,3487,1044,936,2168,77,14609,152,29,2259,98,3246
2020-10-08,157,4,22,0,262,69,3509,1068,939,2175,78,14754,161,22,2263,98,3268
2020-10-09,207,6,28,0,279,70,3537,1142,950,2184,84,14946,213,28,2269,98,3296
2020-10-10,147,3,26,0,279,70,3564,1122,953,2194,83,15080,150,26,2272,98,3322
2020-10-11,157,3,19,0,285,69,3583,1179,960,2198,92,15233,160,19,2275,98,3341
2020-10-12,240,3,37,0,308,69,3624,1327,964,2209,92,15451,243,37,2278,98,3378
2020-10-13,247,6,36,0,329,73,3662,1427,967,2222,92,15681,253,36,2284,98,3414
2020-10-14,203,4,35,0,346,73,3697,1422,973,2229,98,15865,207,35,2288,98,3449
2020-10-15,216,7,36,3,365,73,3735,1451,975,2238,108,16059,223,39,2295,101,3485
2020-10-16,226,6,54,0,403,74,3791,1507,987,2259,108,16261,232,54,2301,101,3539
2020-10-17,213,3,30,0,397,75,3822,1494,993,2265,112,16454,216,30,2304,101,3569
2020-10-18,182,5,41,0,419,75,3863,1523,998,2270,123,16615,187,41,2309,101,3610
2020-10-19,283,11,57,1,457,76,3923,1678,1003,2281,131,16872,294,58,2320,102,3667
2020-10-20,245,15,48,1,484,75,3974,1739,1011,2298,133,17095,260,49,2335,103,3715
2020-10-21,269,3,48,0,499,75,4023,1770,1021,2311,141,17339,272,48,2338,103,3763
2020-10-22,273,5,42,0,512,75,4066,1836,1029,2333,149,17590,278,42,2343,103,3805
2020-10-23,309,11,50,0,526,75,4119,1918,1048,2351,145,17879,320,50,2354,103,3855
2020-10-24,202,7,37,1,533,75,4159,1847,1055,2362,161,18063,209,38,2361,104,3892
2020-10-25,251,7,48,0,548,74,4207,1918,1071,2372,168,18288,258,48,2368,104,3940
2020-10-26,337,3,58,0,573,76,4265,2077,1077,2389,185,18586,340,58,2371,104,3998
2020-10-27,287,3,49,0,586,77,4317,2082,1089,2416,178,18843,290,49,2374,104,4047
2020-10-28,280,7,51,0,605,76,4370,2067,1095,2438,188,19099,287,51,2381,104,4098
2020-10-29,271,10,45,1,615,76,4417,2038,1104,2458,190,19340,281,46,2391,105,4143
2020-10-30,286,13,40,0,624,75,4461,2059,1116,2481,194,19606,299,40,2404,105,4183
2020-10-31,201,6,47,0,632,76,4510,1984,1133,2490,201,19789,207,47,2410,105,4230
2020-11-01,219,3,41,0,637,77,4553,2004,1144,2498,217,19985,222,41,2413,105,4271
2020-11-02,383,12,59,0,662,77,4614,2216,1153,2524,221,20336,395,59,2425,105,4330
2020-11-03,238,5,30,0,659,77,4648,2163,1164,2551,219,20548,243,30,2430,105,4360
2020-11-04,247,6,40,0,664,76,4689,2100,1177,2581,214,20759,253,40,2436,105,4400
2020-11-05,240,4,35,0,659,76,4726,2025,1193,2613,204,20974,244,35,2440,105,4435
2020-11-06,239,9,35,0,655,76,4761,1950,1209,2640,209,21195,248,35,2449,105,4470
2020-11-07,153,9,36,0,645,76,4800,1801,1221,2649,224,21326,162,36,2458,105,4506
2020-11-08,161,2,43,0,650,76,4844,1784,1232,2660,242,21459,163,43,2460,105,4549
2020-11-09,289,6,41,0,653,77,4886,1923,1245,2694,231,21721,295,41,2466,105,4590
2020-11-10,225,8,35,0,653,77,4924,1864,1260,2723,227,21917,233,35,2474,105,4625
2020-11-11,235,3,36,0,650,77,4961,1823,1271,2752,222,22122,238,36,2477,105,4661
2020-11-12,207,9,39,0,654,77,5002,1775,1283,2779,213,22301,216,39,2486,105,4700
2020-11-13,244,6,31,0,656,77,5033,1757,1298,2818,212,22520,250,31,2492,105,4731
2020-11-14,142,3,22,1,624,77,5056,1626,1309,2825,226,22641,145,23,2495,106,4753
2020-11-15,147,9,34,0,626,76,5090,1621,1327,2833,242,22771,156,34,2504,106,4787
2020-11-16,253,16,36,0,622,76,5126,1768,1343,2859,241,22998,269,36,2520,106,4823
2020-11-17,200,11,26,0,609,76,5156,1741,1359,2891,237,23179,211,26,2531,106,4849
2020-11-18,192,6,30,0,594,76,5188,1684,1372,2917,234,23348,198,30,2537,106,4879
2020-11-19,187,13,37,0,597,76,5228,1618,1385,2945,233,23513,200,37,2550,106,4916
2020-11-20,169,5,27,1,588,76,5258,1533,1399,2973,227,23665,174,28,2555,107,4943
2020-11-21,140,2,20,0,573,76,5278,1438,1412,2979,236,23791,142,20,2557,107,4963
2020-11-22,166,7,24,0,570,76,5304,1471,1426,2986,238,23942,173,24,2564,107,4987
2020-11-23,217,8,25,0,571,76,5329,1600,1442,3015,234,24138,225,25,2572,107,5012
2020-11-24,153,13,33,0,564,76,5364,1554,1456,3044,228,24280,166,33,2585,107,5045
2020-11-25,160,5,41,1,570,77,5405,1483,1470,3070,222,24412,165,42,2590,108,5086
2020-11-26,189,7,30,0,565,76,5435,1490,1484,3092,219,24580,196,30,2597,108,5116
2020-11-27,178,10,18,0,550,75,5454,1480,1492,3123,209,24744,188,18,2607,108,5134
2020-11-28,102,3,21,0,542,75,5475,1383,1506,3131,218,24828,105,21,2610,108,5155
2020-11-29,119,3,17,0,527,75,5494,1389,1516,3135,234,24937,122,17,2613,108,5172
2020-11-30,172,6,23,2,523,75,5520,1475,1528,3159,235,25084,178,25,2619,110,5195
2020-12-01,150,3,29,0,516,75,5551,1430,1539,3180,234,25215,153,29,2622,110,5224
2020-12-02,168,5,29,0,516,75,5581,1398,1551,3202,239,25359,173,29,2627,110,5253
2020-12-03,185,4,30,0,505,75,5612,1404,1559,3218,236,25522,189,30,2631,110,5283
2020-12-04,202,11,30,0,515,76,5645,1436,1570,3249,222,25703,213,30,2642,110,5313
2020-12-05,145,5,25,0,510,76,5671,1388,1580,3253,230,25838,150,25,2647,110,5338
2020-12-06,140,5,27,0,513,76,5699,1427,1591,3259,238,25959,145,27,2652,110,5365
2020-12-07,218,9,21,0,508,75,5720,1537,1599,3282,237,26168,227,21,2661,110,5386
2020-12-08,177,8,38,0,518,75,5760,1519,1612,3310,232,26324,185,38,2669,110,5424
2020-12-09,177,6,31,0,512,76,5794,1500,1623,3338,222,26477,183,31,2675,110,5455
2020-12-10,199,6,33,1,518,76,5829,1499,1632,3359,228,26656,205,34,2681,111,5488
2020-12-11,256,11,35,0,513,76,5865,1574,1640,3380,222,26888,267,35,2692,111,5523
2020-12-12,154,3,22,0,510,75,5887,1548,1647,3388,223,27033,157,22,2695,111,5545
2020-12-13,179,10,40,0,535,75,5930,1603,1655,3390,234,27190,189,40,2705,111,5585
2020-12-14,277,12,22,1,540,75,5955,1776,1662,3419,230,27449,289,23,2717,112,5607
2020-12-15,219,5,45,1,554,76,6001,1771,1669,3439,231,27631,224,46,2722,113,5652
2020-12-16,245,8,36,0,564,76,6037,1801,1684,3466,213,27858,253,36,2730,113,5688
2020-12-17,255,13,48,0,588,76,6085,1851,1693,3491,210,28100,268,48,2743,113,5736
2020-12-18,281,4,37,1,596,77,6125,1901,1700,3514,212,28359,285,38,2747,114,5773
2020-12-19,180,7,43,0,608,77,6170,1808,1711,3518,231,28518,187,43,2754,114,5816
2020-12-20,190,4,53,0,628,77,6225,1823,1727,3526,241,28678,194,53,2758,114,5869
2020-12-21,334,3,30,1,627,76,6259,2012,1739,3554,234,28976,337,31,2761,115,5899
2020-12-22,271,8,41,0,634,76,6302,2031,1749,3583,225,29220,279,41,2769,115,5940
2020-12-23,288,9,45,0,652,77,6352,2062,1760,3607,231,29480,297,45,2778,115,5985
2020-12-24,298,11,45,1,656,78,6400,2089,1773,3640,229,29751,309,46,2789,116,6030
2020-12-25,226,6,35,0,647,78,6437,1993,1787,3646,238,29958,232,35,2795,116,6065
2020-12-26,241,5,39,0,660,78,6480,2039,1796,3652,252,30165,246,39,2800,116,6104
2020-12-27,263,3,44,0,675,78,6525,2129,1810,3658,267,30388,266,44,2803,116,6148
2020-12-28,445,5,64,1,711,78,6596,2412,1822,3681,274,30790,450,65,2808,117,6212
2020-12-29,241,4,60,0,732,78,6658,2396,1830,3702,280,30990,245,60,2812,117,6272
2020-12-30,255,9,45,1,744,78,6706,2349,1842,3729,274,31219,264,46,2821,118,6317
2020-12-31,255,7,36,1,741,77,6746,2269,1858,3750,289,31448,262,37,2828,119,6353
2021-01-01,209,3,40,0,730,77,6787,2112,1868,3764,300,31642,212,40,2831,119,6393
2021-01-02,226,5,38,0,733,77,6826,2162,1882,3772,318,31845,231,38,2836,119,6431
2021-01-03,225,11,43,0,735,77,6870,2193,1898,3783,335,32048,236,43,2847,119,6474
2021-01-04,321,7,57,1,753,77,6929,2313,1911,3808,356,32321,328,58,2854,120,6531
2021-01-05,274,7,48,0,749,78,6983,2282,1931,3846,353,32557,281,48,2861,120,6579
2021-01-06,241,9,45,0,736,78,7029,2232,1943,3886,338,32770,250,45,2870,120,6624
2021-01-07,237,9,36,0,736,78,7068,2183,1964,3922,329,32977,246,36,2879,120,6660
2021-01-08,234,9,40,0,733,78,7113,2125,1986,3959,323,33175,243,40,2888,120,6700
2021-01-09,162,5,32,0,713,78,7145,1959,1999,3970,333,33315,167,32,2893,120,6732
2021-01-10,180,3,31,0,711,77,7177,1963,2005,3980,344,33472,183,31,2896,120,6763
2021-01-11,267,9,36,1,724,78,7216,2099,2023,4013,336,33723,276,37,2905,121,6799
2021-01-12,211,7,40,0,727,78,7261,2042,2031,4057,315,33900,218,40,2912,121,6839
2021-01-13,237,6,37,0,730,77,7298,1986,2046,4088,320,34107,243,37,2918,121,6876
2021-01-14,204,10,35,1,715,78,7333,1928,2055,4123,319,34292,214,36,2928,122,6911
2021-01-15,212,10,34,1,707,78,7370,1909,2067,4154,321,34482,222,35,2938,123,6945
2021-01-16,159,2,24,0,686,77,7396,1787,2078,4160,333,34622,161,24,2940,123,6969
2021-01-17,145,6,38,0,694,77,7435,1742,2083,4166,357,34747,151,38,2946,123,7007
2021-01-18,238,10,41,0,703,77,7477,1865,2099,4200,348,34961,248,41,2956,123,7048
2021-01-19,215,7,31,1,696,77,7511,1859,2108,4236,345,35152,222,32,2963,124,7079
2021-01-20,184,5,33,1,690,76,7545,1790,2120,4268,333,35309,189,34,2968,125,7112
2021-01-21,225,11,41,0,696,76,7586,1793,2135,4298,332,35512,236,41,2979,125,7153
2021-01-22,207,12,34,0,690,76,7622,1786,2147,4336,326,35697,219,34,2991,125,7187
2021-01-23,158,4,33,0,678,76,7655,1719,2156,4349,334,35841,162,33,2995,125,7220
2021-01-24,147,2,27,0,674,76,7682,1729,2168,4353,352,35969,149,27,2997,125,7247
2021-01-25,207,5,52,1,696,76,7736,1822,2181,4390,342,36151,212,53,3002,126,7299
2021-01-26,169,10,34,1,692,76,7773,1778,2197,4418,353,36297,179,35,3012,127,7333
2021-01-27,184,7,29,1,666,77,7803,1722,2211,4446,351,36455,191,30,3019,128,7362
2021-01-28,206,5,42,1,665,76,7846,1693,2220,4472,351,36628,211,43,3024,129,7404
2021-01-29,221,7,28,0,662,77,7875,1714,2237,4498,356,36830,228,28,3031,129,7432
2021-01-30,129,3,30,0,647,77,7906,1641,2244,4509,357,36940,132,30,3034,129,7462
2021-01-31,146,9,35,2,664,77,7944,1679,2256,4513,369,37065,155,37,3043,131,7497
2021-02-01,228,9,29,1,668,77,7975,1785,2268,4546,370,37258,237,30,3052,132,7526
2021-02-02,176,7,28,0,649,77,8003,1751,2284,4573,373,37418,183,28,3059,132,7554
2021-02-03,168,9,29,0,633,77,8032,1693,2294,4618,367,37571,177,29,3068,132,7583
2021-02-04,192,12,24,0,607,77,8057,1670,2303,4655,364,37746,204,24,3080,132,7607
2021-02-05,176,14,18,0,577,76,8075,1666,2317,4693,360,37921,190,18,3094,132,7625
2021-02-06,131,2,20,0,550,76,8095,1545,2329,4701,375,38038,133,20,3096,132,7645
2021-02-07,115,5,21,0,537,76,8117,1531,2337,4706,383,38132,120,21,3101,132,7666
2021-02-08,188,6,31,0,549,77,8150,1635,2339,4741,369,38294,194,31,3107,132,7697
2021-02-09,183,10,18,2,547,77,8169,1613,2351,4781,346,38473,193,20,3117,134,7715
2021-02-10,185,7,30,0,548,76,8199,1610,2361,4816,334,38634,192,30,3124,134,7745
2021-02-11,173,9,30,0,545,75,8230,1594,2369,4847,331,38787,182,30,3133,134,7775
2021-02-12,177,13,32,0,541,75,8263,1577,2379,4875,323,38947,190,32,3146,134,7807
2021-02-13,110,3,21,0,535,75,8286,1482,2386,4885,327,39045,113,21,3149,134,7828
2021-02-14,134,6,25,0,541,75,8313,1492,2397,4890,334,39165,140,25,3155,134,7853
2021-02-15,194,15,32,1,553,75,8348,1599,2403,4918,340,39349,209,33,3170,135,7885
2021-02-16,162,23,39,0,551,77,8389,1601,2410,4947,341,39507,185,39,3193,135,7924
2021-02-17,140,34,36,2,550,77,8428,1593,2417,4965,352,39649,174,38,3227,137,7960
2021-02-18,144,31,22,0,534,77,8450,1594,2422,4985,354,39802,175,22,3258,137,7982
2021-02-19,10,6,4,0,509,77,8454,1458,2423,4989,356,39816,16,4,3264,137,7986
